
insert into achievements values (1,'Achievement_1','Achievement/Achievement_1.png',37000001.5,10000000,2000000,2000000,2000000,2000000,2000000,2000000,2000000,2000000,2000000,2000000,1,0,0,0,0,0,0,100,10,10,10,10,10,10,10,10,10,10,10,'');
insert into achievements values (2,'Achievement_10','Achievement/Achievement_10.png',37000001.5,10000000,2000000,2000000,2000000,2000000,2000000,2000000,2000000,2000000,2000000,2000000,1,0,0,0,0,0,0,100,10,10,10,10,10,10,10,10,10,10,10,'');
insert into achievements values (3,'Achievement_100','Achievement/Achievement_100.png',37000001.5,10000000,2000000,2000000,2000000,2000000,2000000,2000000,2000000,2000000,2000000,2000000,1,0,0,0,0,0,0,100,10,10,10,10,10,10,10,10,10,10,10,'');
insert into achievements values (4,'Achievement_101','Achievement/Achievement_101.png',37000001.5,10000000,2000000,2000000,2000000,2000000,2000000,2000000,2000000,2000000,2000000,2000000,1,0,0,0,0,0,0,100,10,10,10,10,10,10,10,10,10,10,10,'');
insert into achievements values (5,'Achievement_102','Achievement/Achievement_102.png',37000001.5,10000000,2000000,2000000,2000000,2000000,2000000,2000000,2000000,2000000,2000000,2000000,1,0,0,0,0,0,0,100,10,10,10,10,10,10,10,10,10,10,10,'');
insert into achievements values (6,'Achievement_103','Achievement/Achievement_103.png',37000001.5,10000000,2000000,2000000,2000000,2000000,2000000,2000000,2000000,2000000,2000000,2000000,1,0,0,0,0,0,0,100,10,10,10,10,10,10,10,10,10,10,10,'');
insert into achievements values (7,'Achievement_104','Achievement/Achievement_104.png',37000001.5,10000000,2000000,2000000,2000000,2000000,2000000,2000000,2000000,2000000,2000000,2000000,1,0,0,0,0,0,0,100,10,10,10,10,10,10,10,10,10,10,10,'');
insert into achievements values (8,'Achievement_105','Achievement/Achievement_105.png',37000001.5,10000000,2000000,2000000,2000000,2000000,2000000,2000000,2000000,2000000,2000000,2000000,1,0,0,0,0,0,0,100,10,10,10,10,10,10,10,10,10,10,10,'');
insert into achievements values (9,'Achievement_106','Achievement/Achievement_106.png',37000001.5,10000000,2000000,2000000,2000000,2000000,2000000,2000000,2000000,2000000,2000000,2000000,1,0,0,0,0,0,0,100,10,10,10,10,10,10,10,10,10,10,10,'');
insert into achievements values (10,'Achievement_107','Achievement/Achievement_107.png',37000001.5,10000000,2000000,2000000,2000000,2000000,2000000,2000000,2000000,2000000,2000000,2000000,1,0,0,0,0,0,0,100,10,10,10,10,10,10,10,10,10,10,10,'');
insert into achievements values (11,'Achievement_108','Achievement/Achievement_108.png',37000001.5,10000000,2000000,2000000,2000000,2000000,2000000,2000000,2000000,2000000,2000000,2000000,1,0,0,0,0,0,0,100,10,10,10,10,10,10,10,10,10,10,10,'');
insert into achievements values (12,'Achievement_109','Achievement/Achievement_109.png',37000001.5,10000000,2000000,2000000,2000000,2000000,2000000,2000000,2000000,2000000,2000000,2000000,1,0,0,0,0,0,0,100,10,10,10,10,10,10,10,10,10,10,10,'');
insert into achievements values (13,'Achievement_11','Achievement/Achievement_11.png',37000001.5,10000000,2000000,2000000,2000000,2000000,2000000,2000000,2000000,2000000,2000000,2000000,1,0,0,0,0,0,0,100,10,10,10,10,10,10,10,10,10,10,10,'');
insert into achievements values (14,'Achievement_110','Achievement/Achievement_110.png',37000001.5,10000000,2000000,2000000,2000000,2000000,2000000,2000000,2000000,2000000,2000000,2000000,1,0,0,0,0,0,0,100,10,10,10,10,10,10,10,10,10,10,10,'');
insert into achievements values (15,'Achievement_111','Achievement/Achievement_111.png',37000001.5,10000000,2000000,2000000,2000000,2000000,2000000,2000000,2000000,2000000,2000000,2000000,1,0,0,0,0,0,0,100,10,10,10,10,10,10,10,10,10,10,10,'');
insert into achievements values (16,'Achievement_112','Achievement/Achievement_112.png',37000001.5,10000000,2000000,2000000,2000000,2000000,2000000,2000000,2000000,2000000,2000000,2000000,1,0,0,0,0,0,0,100,10,10,10,10,10,10,10,10,10,10,10,'');
insert into achievements values (17,'Achievement_113','Achievement/Achievement_113.png',37000001.5,10000000,2000000,2000000,2000000,2000000,2000000,2000000,2000000,2000000,2000000,2000000,1,0,0,0,0,0,0,100,10,10,10,10,10,10,10,10,10,10,10,'');
insert into achievements values (18,'Achievement_114','Achievement/Achievement_114.png',37000001.5,10000000,2000000,2000000,2000000,2000000,2000000,2000000,2000000,2000000,2000000,2000000,1,0,0,0,0,0,0,100,10,10,10,10,10,10,10,10,10,10,10,'');
insert into achievements values (19,'Achievement_115','Achievement/Achievement_115.png',37000001.5,10000000,2000000,2000000,2000000,2000000,2000000,2000000,2000000,2000000,2000000,2000000,1,0,0,0,0,0,0,100,10,10,10,10,10,10,10,10,10,10,10,'');
insert into achievements values (20,'Achievement_116','Achievement/Achievement_116.png',37000001.5,10000000,2000000,2000000,2000000,2000000,2000000,2000000,2000000,2000000,2000000,2000000,1,0,0,0,0,0,0,100,10,10,10,10,10,10,10,10,10,10,10,'');
insert into achievements values (21,'Achievement_117','Achievement/Achievement_117.png',37000001.5,10000000,2000000,2000000,2000000,2000000,2000000,2000000,2000000,2000000,2000000,2000000,1,0,0,0,0,0,0,100,10,10,10,10,10,10,10,10,10,10,10,'');
insert into achievements values (22,'Achievement_118','Achievement/Achievement_118.png',37000001.5,10000000,2000000,2000000,2000000,2000000,2000000,2000000,2000000,2000000,2000000,2000000,1,0,0,0,0,0,0,100,10,10,10,10,10,10,10,10,10,10,10,'');
insert into achievements values (23,'Achievement_119','Achievement/Achievement_119.png',37000001.5,10000000,2000000,2000000,2000000,2000000,2000000,2000000,2000000,2000000,2000000,2000000,1,0,0,0,0,0,0,100,10,10,10,10,10,10,10,10,10,10,10,'');
insert into achievements values (24,'Achievement_12','Achievement/Achievement_12.png',37000001.5,10000000,2000000,2000000,2000000,2000000,2000000,2000000,2000000,2000000,2000000,2000000,1,0,0,0,0,0,0,100,10,10,10,10,10,10,10,10,10,10,10,'');
insert into achievements values (25,'Achievement_120','Achievement/Achievement_120.png',37000001.5,10000000,2000000,2000000,2000000,2000000,2000000,2000000,2000000,2000000,2000000,2000000,1,0,0,0,0,0,0,100,10,10,10,10,10,10,10,10,10,10,10,'');
insert into achievements values (26,'Achievement_121','Achievement/Achievement_121.png',37000001.5,10000000,2000000,2000000,2000000,2000000,2000000,2000000,2000000,2000000,2000000,2000000,1,0,0,0,0,0,0,100,10,10,10,10,10,10,10,10,10,10,10,'');
insert into achievements values (27,'Achievement_122','Achievement/Achievement_122.png',37000001.5,10000000,2000000,2000000,2000000,2000000,2000000,2000000,2000000,2000000,2000000,2000000,1,0,0,0,0,0,0,100,10,10,10,10,10,10,10,10,10,10,10,'');
insert into achievements values (28,'Achievement_123','Achievement/Achievement_123.png',37000001.5,10000000,2000000,2000000,2000000,2000000,2000000,2000000,2000000,2000000,2000000,2000000,1,0,0,0,0,0,0,100,10,10,10,10,10,10,10,10,10,10,10,'');
insert into achievements values (29,'Achievement_124','Achievement/Achievement_124.png',37000001.5,10000000,2000000,2000000,2000000,2000000,2000000,2000000,2000000,2000000,2000000,2000000,1,0,0,0,0,0,0,100,10,10,10,10,10,10,10,10,10,10,10,'');
insert into achievements values (30,'Achievement_125','Achievement/Achievement_125.png',37000001.5,10000000,2000000,2000000,2000000,2000000,2000000,2000000,2000000,2000000,2000000,2000000,1,0,0,0,0,0,0,100,10,10,10,10,10,10,10,10,10,10,10,'');
insert into achievements values (31,'Achievement_126','Achievement/Achievement_126.png',37000001.5,10000000,2000000,2000000,2000000,2000000,2000000,2000000,2000000,2000000,2000000,2000000,1,0,0,0,0,0,0,100,10,10,10,10,10,10,10,10,10,10,10,'');
insert into achievements values (32,'Achievement_13','Achievement/Achievement_13.png',37000001.5,10000000,2000000,2000000,2000000,2000000,2000000,2000000,2000000,2000000,2000000,2000000,1,0,0,0,0,0,0,100,10,10,10,10,10,10,10,10,10,10,10,'');
insert into achievements values (33,'Achievement_14','Achievement/Achievement_14.png',37000001.5,10000000,2000000,2000000,2000000,2000000,2000000,2000000,2000000,2000000,2000000,2000000,1,0,0,0,0,0,0,100,10,10,10,10,10,10,10,10,10,10,10,'');
insert into achievements values (34,'Achievement_15','Achievement/Achievement_15.png',37000001.5,10000000,2000000,2000000,2000000,2000000,2000000,2000000,2000000,2000000,2000000,2000000,1,0,0,0,0,0,0,100,10,10,10,10,10,10,10,10,10,10,10,'');
insert into achievements values (35,'Achievement_16','Achievement/Achievement_16.png',37000001.5,10000000,2000000,2000000,2000000,2000000,2000000,2000000,2000000,2000000,2000000,2000000,1,0,0,0,0,0,0,100,10,10,10,10,10,10,10,10,10,10,10,'');
insert into achievements values (36,'Achievement_17','Achievement/Achievement_17.png',37000001.5,10000000,2000000,2000000,2000000,2000000,2000000,2000000,2000000,2000000,2000000,2000000,1,0,0,0,0,0,0,100,10,10,10,10,10,10,10,10,10,10,10,'');
insert into achievements values (37,'Achievement_18','Achievement/Achievement_18.png',37000001.5,10000000,2000000,2000000,2000000,2000000,2000000,2000000,2000000,2000000,2000000,2000000,1,0,0,0,0,0,0,100,10,10,10,10,10,10,10,10,10,10,10,'');
insert into achievements values (38,'Achievement_19','Achievement/Achievement_19.png',37000001.5,10000000,2000000,2000000,2000000,2000000,2000000,2000000,2000000,2000000,2000000,2000000,1,0,0,0,0,0,0,100,10,10,10,10,10,10,10,10,10,10,10,'');
insert into achievements values (39,'Achievement_2','Achievement/Achievement_2.png',37000001.5,10000000,2000000,2000000,2000000,2000000,2000000,2000000,2000000,2000000,2000000,2000000,1,0,0,0,0,0,0,100,10,10,10,10,10,10,10,10,10,10,10,'');
insert into achievements values (40,'Achievement_20','Achievement/Achievement_20.png',37000001.5,10000000,2000000,2000000,2000000,2000000,2000000,2000000,2000000,2000000,2000000,2000000,1,0,0,0,0,0,0,100,10,10,10,10,10,10,10,10,10,10,10,'');
insert into achievements values (41,'Achievement_21','Achievement/Achievement_21.png',37000001.5,10000000,2000000,2000000,2000000,2000000,2000000,2000000,2000000,2000000,2000000,2000000,1,0,0,0,0,0,0,100,10,10,10,10,10,10,10,10,10,10,10,'');
insert into achievements values (42,'Achievement_22','Achievement/Achievement_22.png',37000001.5,10000000,2000000,2000000,2000000,2000000,2000000,2000000,2000000,2000000,2000000,2000000,1,0,0,0,0,0,0,100,10,10,10,10,10,10,10,10,10,10,10,'');
insert into achievements values (43,'Achievement_23','Achievement/Achievement_23.png',37000001.5,10000000,2000000,2000000,2000000,2000000,2000000,2000000,2000000,2000000,2000000,2000000,1,0,0,0,0,0,0,100,10,10,10,10,10,10,10,10,10,10,10,'');
insert into achievements values (44,'Achievement_24','Achievement/Achievement_24.png',37000001.5,10000000,2000000,2000000,2000000,2000000,2000000,2000000,2000000,2000000,2000000,2000000,1,0,0,0,0,0,0,100,10,10,10,10,10,10,10,10,10,10,10,'');
insert into achievements values (45,'Achievement_25','Achievement/Achievement_25.png',37000001.5,10000000,2000000,2000000,2000000,2000000,2000000,2000000,2000000,2000000,2000000,2000000,1,0,0,0,0,0,0,100,10,10,10,10,10,10,10,10,10,10,10,'');
insert into achievements values (46,'Achievement_26','Achievement/Achievement_26.png',37000001.5,10000000,2000000,2000000,2000000,2000000,2000000,2000000,2000000,2000000,2000000,2000000,1,0,0,0,0,0,0,100,10,10,10,10,10,10,10,10,10,10,10,'');
insert into achievements values (47,'Achievement_27','Achievement/Achievement_27.png',37000001.5,10000000,2000000,2000000,2000000,2000000,2000000,2000000,2000000,2000000,2000000,2000000,1,0,0,0,0,0,0,100,10,10,10,10,10,10,10,10,10,10,10,'');
insert into achievements values (48,'Achievement_28','Achievement/Achievement_28.png',37000001.5,10000000,2000000,2000000,2000000,2000000,2000000,2000000,2000000,2000000,2000000,2000000,1,0,0,0,0,0,0,100,10,10,10,10,10,10,10,10,10,10,10,'');
insert into achievements values (49,'Achievement_29','Achievement/Achievement_29.png',37000001.5,10000000,2000000,2000000,2000000,2000000,2000000,2000000,2000000,2000000,2000000,2000000,1,0,0,0,0,0,0,100,10,10,10,10,10,10,10,10,10,10,10,'');
insert into achievements values (50,'Achievement_3','Achievement/Achievement_3.png',37000001.5,10000000,2000000,2000000,2000000,2000000,2000000,2000000,2000000,2000000,2000000,2000000,1,0,0,0,0,0,0,100,10,10,10,10,10,10,10,10,10,10,10,'');
insert into achievements values (51,'Achievement_30','Achievement/Achievement_30.png',37000001.5,10000000,2000000,2000000,2000000,2000000,2000000,2000000,2000000,2000000,2000000,2000000,1,0,0,0,0,0,0,100,10,10,10,10,10,10,10,10,10,10,10,'');
insert into achievements values (52,'Achievement_31','Achievement/Achievement_31.png',37000001.5,10000000,2000000,2000000,2000000,2000000,2000000,2000000,2000000,2000000,2000000,2000000,1,0,0,0,0,0,0,100,10,10,10,10,10,10,10,10,10,10,10,'');
insert into achievements values (53,'Achievement_32','Achievement/Achievement_32.png',37000001.5,10000000,2000000,2000000,2000000,2000000,2000000,2000000,2000000,2000000,2000000,2000000,1,0,0,0,0,0,0,100,10,10,10,10,10,10,10,10,10,10,10,'');
insert into achievements values (54,'Achievement_33','Achievement/Achievement_33.png',37000001.5,10000000,2000000,2000000,2000000,2000000,2000000,2000000,2000000,2000000,2000000,2000000,1,0,0,0,0,0,0,100,10,10,10,10,10,10,10,10,10,10,10,'');
insert into achievements values (55,'Achievement_34','Achievement/Achievement_34.png',37000001.5,10000000,2000000,2000000,2000000,2000000,2000000,2000000,2000000,2000000,2000000,2000000,1,0,0,0,0,0,0,100,10,10,10,10,10,10,10,10,10,10,10,'');
insert into achievements values (56,'Achievement_35','Achievement/Achievement_35.png',37000001.5,10000000,2000000,2000000,2000000,2000000,2000000,2000000,2000000,2000000,2000000,2000000,1,0,0,0,0,0,0,100,10,10,10,10,10,10,10,10,10,10,10,'');
insert into achievements values (57,'Achievement_36','Achievement/Achievement_36.png',37000001.5,10000000,2000000,2000000,2000000,2000000,2000000,2000000,2000000,2000000,2000000,2000000,1,0,0,0,0,0,0,100,10,10,10,10,10,10,10,10,10,10,10,'');
insert into achievements values (58,'Achievement_37','Achievement/Achievement_37.png',37000001.5,10000000,2000000,2000000,2000000,2000000,2000000,2000000,2000000,2000000,2000000,2000000,1,0,0,0,0,0,0,100,10,10,10,10,10,10,10,10,10,10,10,'');
insert into achievements values (59,'Achievement_38','Achievement/Achievement_38.png',37000001.5,10000000,2000000,2000000,2000000,2000000,2000000,2000000,2000000,2000000,2000000,2000000,1,0,0,0,0,0,0,100,10,10,10,10,10,10,10,10,10,10,10,'');
insert into achievements values (60,'Achievement_39','Achievement/Achievement_39.png',37000001.5,10000000,2000000,2000000,2000000,2000000,2000000,2000000,2000000,2000000,2000000,2000000,1,0,0,0,0,0,0,100,10,10,10,10,10,10,10,10,10,10,10,'');
insert into achievements values (61,'Achievement_4','Achievement/Achievement_4.png',37000001.5,10000000,2000000,2000000,2000000,2000000,2000000,2000000,2000000,2000000,2000000,2000000,1,0,0,0,0,0,0,100,10,10,10,10,10,10,10,10,10,10,10,'');
insert into achievements values (62,'Achievement_40','Achievement/Achievement_40.png',37000001.5,10000000,2000000,2000000,2000000,2000000,2000000,2000000,2000000,2000000,2000000,2000000,1,0,0,0,0,0,0,100,10,10,10,10,10,10,10,10,10,10,10,'');
insert into achievements values (63,'Achievement_41','Achievement/Achievement_41.png',37000001.5,10000000,2000000,2000000,2000000,2000000,2000000,2000000,2000000,2000000,2000000,2000000,1,0,0,0,0,0,0,100,10,10,10,10,10,10,10,10,10,10,10,'');
insert into achievements values (64,'Achievement_42','Achievement/Achievement_42.png',37000001.5,10000000,2000000,2000000,2000000,2000000,2000000,2000000,2000000,2000000,2000000,2000000,1,0,0,0,0,0,0,100,10,10,10,10,10,10,10,10,10,10,10,'');
insert into achievements values (65,'Achievement_43','Achievement/Achievement_43.png',37000001.5,10000000,2000000,2000000,2000000,2000000,2000000,2000000,2000000,2000000,2000000,2000000,1,0,0,0,0,0,0,100,10,10,10,10,10,10,10,10,10,10,10,'');
insert into achievements values (66,'Achievement_44','Achievement/Achievement_44.png',37000001.5,10000000,2000000,2000000,2000000,2000000,2000000,2000000,2000000,2000000,2000000,2000000,1,0,0,0,0,0,0,100,10,10,10,10,10,10,10,10,10,10,10,'');
insert into achievements values (67,'Achievement_45','Achievement/Achievement_45.png',37000001.5,10000000,2000000,2000000,2000000,2000000,2000000,2000000,2000000,2000000,2000000,2000000,1,0,0,0,0,0,0,100,10,10,10,10,10,10,10,10,10,10,10,'');
insert into achievements values (68,'Achievement_46','Achievement/Achievement_46.png',37000001.5,10000000,2000000,2000000,2000000,2000000,2000000,2000000,2000000,2000000,2000000,2000000,1,0,0,0,0,0,0,100,10,10,10,10,10,10,10,10,10,10,10,'');
insert into achievements values (69,'Achievement_47','Achievement/Achievement_47.png',37000001.5,10000000,2000000,2000000,2000000,2000000,2000000,2000000,2000000,2000000,2000000,2000000,1,0,0,0,0,0,0,100,10,10,10,10,10,10,10,10,10,10,10,'');
insert into achievements values (70,'Achievement_48','Achievement/Achievement_48.png',37000001.5,10000000,2000000,2000000,2000000,2000000,2000000,2000000,2000000,2000000,2000000,2000000,1,0,0,0,0,0,0,100,10,10,10,10,10,10,10,10,10,10,10,'');
insert into achievements values (71,'Achievement_49','Achievement/Achievement_49.png',37000001.5,10000000,2000000,2000000,2000000,2000000,2000000,2000000,2000000,2000000,2000000,2000000,1,0,0,0,0,0,0,100,10,10,10,10,10,10,10,10,10,10,10,'');
insert into achievements values (72,'Achievement_5','Achievement/Achievement_5.png',37000001.5,10000000,2000000,2000000,2000000,2000000,2000000,2000000,2000000,2000000,2000000,2000000,1,0,0,0,0,0,0,100,10,10,10,10,10,10,10,10,10,10,10,'');
insert into achievements values (73,'Achievement_50','Achievement/Achievement_50.png',37000001.5,10000000,2000000,2000000,2000000,2000000,2000000,2000000,2000000,2000000,2000000,2000000,1,0,0,0,0,0,0,100,10,10,10,10,10,10,10,10,10,10,10,'');
insert into achievements values (74,'Achievement_51','Achievement/Achievement_51.png',37000001.5,10000000,2000000,2000000,2000000,2000000,2000000,2000000,2000000,2000000,2000000,2000000,1,0,0,0,0,0,0,100,10,10,10,10,10,10,10,10,10,10,10,'');
insert into achievements values (75,'Achievement_52','Achievement/Achievement_52.png',37000001.5,10000000,2000000,2000000,2000000,2000000,2000000,2000000,2000000,2000000,2000000,2000000,1,0,0,0,0,0,0,100,10,10,10,10,10,10,10,10,10,10,10,'');
insert into achievements values (76,'Achievement_53','Achievement/Achievement_53.png',37000001.5,10000000,2000000,2000000,2000000,2000000,2000000,2000000,2000000,2000000,2000000,2000000,1,0,0,0,0,0,0,100,10,10,10,10,10,10,10,10,10,10,10,'');
insert into achievements values (77,'Achievement_54','Achievement/Achievement_54.png',37000001.5,10000000,2000000,2000000,2000000,2000000,2000000,2000000,2000000,2000000,2000000,2000000,1,0,0,0,0,0,0,100,10,10,10,10,10,10,10,10,10,10,10,'');
insert into achievements values (78,'Achievement_55','Achievement/Achievement_55.png',37000001.5,10000000,2000000,2000000,2000000,2000000,2000000,2000000,2000000,2000000,2000000,2000000,1,0,0,0,0,0,0,100,10,10,10,10,10,10,10,10,10,10,10,'');
insert into achievements values (79,'Achievement_56','Achievement/Achievement_56.png',37000001.5,10000000,2000000,2000000,2000000,2000000,2000000,2000000,2000000,2000000,2000000,2000000,1,0,0,0,0,0,0,100,10,10,10,10,10,10,10,10,10,10,10,'');
insert into achievements values (80,'Achievement_57','Achievement/Achievement_57.png',37000001.5,10000000,2000000,2000000,2000000,2000000,2000000,2000000,2000000,2000000,2000000,2000000,1,0,0,0,0,0,0,100,10,10,10,10,10,10,10,10,10,10,10,'');
insert into achievements values (81,'Achievement_58','Achievement/Achievement_58.png',37000001.5,10000000,2000000,2000000,2000000,2000000,2000000,2000000,2000000,2000000,2000000,2000000,1,0,0,0,0,0,0,100,10,10,10,10,10,10,10,10,10,10,10,'');
insert into achievements values (82,'Achievement_59','Achievement/Achievement_59.png',37000001.5,10000000,2000000,2000000,2000000,2000000,2000000,2000000,2000000,2000000,2000000,2000000,1,0,0,0,0,0,0,100,10,10,10,10,10,10,10,10,10,10,10,'');
insert into achievements values (83,'Achievement_6','Achievement/Achievement_6.png',37000001.5,10000000,2000000,2000000,2000000,2000000,2000000,2000000,2000000,2000000,2000000,2000000,1,0,0,0,0,0,0,100,10,10,10,10,10,10,10,10,10,10,10,'');
insert into achievements values (84,'Achievement_60','Achievement/Achievement_60.png',37000001.5,10000000,2000000,2000000,2000000,2000000,2000000,2000000,2000000,2000000,2000000,2000000,1,0,0,0,0,0,0,100,10,10,10,10,10,10,10,10,10,10,10,'');
insert into achievements values (85,'Achievement_61','Achievement/Achievement_61.png',37000001.5,10000000,2000000,2000000,2000000,2000000,2000000,2000000,2000000,2000000,2000000,2000000,1,0,0,0,0,0,0,100,10,10,10,10,10,10,10,10,10,10,10,'');
insert into achievements values (86,'Achievement_62','Achievement/Achievement_62.png',37000001.5,10000000,2000000,2000000,2000000,2000000,2000000,2000000,2000000,2000000,2000000,2000000,1,0,0,0,0,0,0,100,10,10,10,10,10,10,10,10,10,10,10,'');
insert into achievements values (87,'Achievement_63','Achievement/Achievement_63.png',37000001.5,10000000,2000000,2000000,2000000,2000000,2000000,2000000,2000000,2000000,2000000,2000000,1,0,0,0,0,0,0,100,10,10,10,10,10,10,10,10,10,10,10,'');
insert into achievements values (88,'Achievement_64','Achievement/Achievement_64.png',37000001.5,10000000,2000000,2000000,2000000,2000000,2000000,2000000,2000000,2000000,2000000,2000000,1,0,0,0,0,0,0,100,10,10,10,10,10,10,10,10,10,10,10,'');
insert into achievements values (89,'Achievement_65','Achievement/Achievement_65.png',37000001.5,10000000,2000000,2000000,2000000,2000000,2000000,2000000,2000000,2000000,2000000,2000000,1,0,0,0,0,0,0,100,10,10,10,10,10,10,10,10,10,10,10,'');
insert into achievements values (90,'Achievement_66','Achievement/Achievement_66.png',37000001.5,10000000,2000000,2000000,2000000,2000000,2000000,2000000,2000000,2000000,2000000,2000000,1,0,0,0,0,0,0,100,10,10,10,10,10,10,10,10,10,10,10,'');
insert into achievements values (91,'Achievement_67','Achievement/Achievement_67.png',37000001.5,10000000,2000000,2000000,2000000,2000000,2000000,2000000,2000000,2000000,2000000,2000000,1,0,0,0,0,0,0,100,10,10,10,10,10,10,10,10,10,10,10,'');
insert into achievements values (92,'Achievement_68','Achievement/Achievement_68.png',37000001.5,10000000,2000000,2000000,2000000,2000000,2000000,2000000,2000000,2000000,2000000,2000000,1,0,0,0,0,0,0,100,10,10,10,10,10,10,10,10,10,10,10,'');
insert into achievements values (93,'Achievement_69','Achievement/Achievement_69.png',37000001.5,10000000,2000000,2000000,2000000,2000000,2000000,2000000,2000000,2000000,2000000,2000000,1,0,0,0,0,0,0,100,10,10,10,10,10,10,10,10,10,10,10,'');
insert into achievements values (94,'Achievement_7','Achievement/Achievement_7.png',37000001.5,10000000,2000000,2000000,2000000,2000000,2000000,2000000,2000000,2000000,2000000,2000000,1,0,0,0,0,0,0,100,10,10,10,10,10,10,10,10,10,10,10,'');
insert into achievements values (95,'Achievement_70','Achievement/Achievement_70.png',37000001.5,10000000,2000000,2000000,2000000,2000000,2000000,2000000,2000000,2000000,2000000,2000000,1,0,0,0,0,0,0,100,10,10,10,10,10,10,10,10,10,10,10,'');
insert into achievements values (96,'Achievement_71','Achievement/Achievement_71.png',37000001.5,10000000,2000000,2000000,2000000,2000000,2000000,2000000,2000000,2000000,2000000,2000000,1,0,0,0,0,0,0,100,10,10,10,10,10,10,10,10,10,10,10,'');
insert into achievements values (97,'Achievement_72','Achievement/Achievement_72.png',37000001.5,10000000,2000000,2000000,2000000,2000000,2000000,2000000,2000000,2000000,2000000,2000000,1,0,0,0,0,0,0,100,10,10,10,10,10,10,10,10,10,10,10,'');
insert into achievements values (98,'Achievement_73','Achievement/Achievement_73.png',37000001.5,10000000,2000000,2000000,2000000,2000000,2000000,2000000,2000000,2000000,2000000,2000000,1,0,0,0,0,0,0,100,10,10,10,10,10,10,10,10,10,10,10,'');
insert into achievements values (99,'Achievement_74','Achievement/Achievement_74.png',37000001.5,10000000,2000000,2000000,2000000,2000000,2000000,2000000,2000000,2000000,2000000,2000000,1,0,0,0,0,0,0,100,10,10,10,10,10,10,10,10,10,10,10,'');
insert into achievements values (100,'Achievement_75','Achievement/Achievement_75.png',37000001.5,10000000,2000000,2000000,2000000,2000000,2000000,2000000,2000000,2000000,2000000,2000000,1,0,0,0,0,0,0,100,10,10,10,10,10,10,10,10,10,10,10,'');
insert into achievements values (101,'Achievement_76','Achievement/Achievement_76.png',37000001.5,10000000,2000000,2000000,2000000,2000000,2000000,2000000,2000000,2000000,2000000,2000000,1,0,0,0,0,0,0,100,10,10,10,10,10,10,10,10,10,10,10,'');
insert into achievements values (102,'Achievement_77','Achievement/Achievement_77.png',37000001.5,10000000,2000000,2000000,2000000,2000000,2000000,2000000,2000000,2000000,2000000,2000000,1,0,0,0,0,0,0,100,10,10,10,10,10,10,10,10,10,10,10,'');
insert into achievements values (103,'Achievement_78','Achievement/Achievement_78.png',37000001.5,10000000,2000000,2000000,2000000,2000000,2000000,2000000,2000000,2000000,2000000,2000000,1,0,0,0,0,0,0,100,10,10,10,10,10,10,10,10,10,10,10,'');
insert into achievements values (104,'Achievement_79','Achievement/Achievement_79.png',37000001.5,10000000,2000000,2000000,2000000,2000000,2000000,2000000,2000000,2000000,2000000,2000000,1,0,0,0,0,0,0,100,10,10,10,10,10,10,10,10,10,10,10,'');
insert into achievements values (105,'Achievement_8','Achievement/Achievement_8.png',37000001.5,10000000,2000000,2000000,2000000,2000000,2000000,2000000,2000000,2000000,2000000,2000000,1,0,0,0,0,0,0,100,10,10,10,10,10,10,10,10,10,10,10,'');
insert into achievements values (106,'Achievement_80','Achievement/Achievement_80.png',37000001.5,10000000,2000000,2000000,2000000,2000000,2000000,2000000,2000000,2000000,2000000,2000000,1,0,0,0,0,0,0,100,10,10,10,10,10,10,10,10,10,10,10,'');
insert into achievements values (107,'Achievement_81','Achievement/Achievement_81.png',37000001.5,10000000,2000000,2000000,2000000,2000000,2000000,2000000,2000000,2000000,2000000,2000000,1,0,0,0,0,0,0,100,10,10,10,10,10,10,10,10,10,10,10,'');
insert into achievements values (108,'Achievement_82','Achievement/Achievement_82.png',37000001.5,10000000,2000000,2000000,2000000,2000000,2000000,2000000,2000000,2000000,2000000,2000000,1,0,0,0,0,0,0,100,10,10,10,10,10,10,10,10,10,10,10,'');
insert into achievements values (109,'Achievement_83','Achievement/Achievement_83.png',37000001.5,10000000,2000000,2000000,2000000,2000000,2000000,2000000,2000000,2000000,2000000,2000000,1,0,0,0,0,0,0,100,10,10,10,10,10,10,10,10,10,10,10,'');
insert into achievements values (110,'Achievement_84','Achievement/Achievement_84.png',37000001.5,10000000,2000000,2000000,2000000,2000000,2000000,2000000,2000000,2000000,2000000,2000000,1,0,0,0,0,0,0,100,10,10,10,10,10,10,10,10,10,10,10,'');
insert into achievements values (111,'Achievement_85','Achievement/Achievement_85.png',37000001.5,10000000,2000000,2000000,2000000,2000000,2000000,2000000,2000000,2000000,2000000,2000000,1,0,0,0,0,0,0,100,10,10,10,10,10,10,10,10,10,10,10,'');
insert into achievements values (112,'Achievement_86','Achievement/Achievement_86.png',37000001.5,10000000,2000000,2000000,2000000,2000000,2000000,2000000,2000000,2000000,2000000,2000000,1,0,0,0,0,0,0,100,10,10,10,10,10,10,10,10,10,10,10,'');
insert into achievements values (113,'Achievement_87','Achievement/Achievement_87.png',37000001.5,10000000,2000000,2000000,2000000,2000000,2000000,2000000,2000000,2000000,2000000,2000000,1,0,0,0,0,0,0,100,10,10,10,10,10,10,10,10,10,10,10,'');
insert into achievements values (114,'Achievement_88','Achievement/Achievement_88.png',37000001.5,10000000,2000000,2000000,2000000,2000000,2000000,2000000,2000000,2000000,2000000,2000000,1,0,0,0,0,0,0,100,10,10,10,10,10,10,10,10,10,10,10,'');
insert into achievements values (115,'Achievement_89','Achievement/Achievement_89.png',37000001.5,10000000,2000000,2000000,2000000,2000000,2000000,2000000,2000000,2000000,2000000,2000000,1,0,0,0,0,0,0,100,10,10,10,10,10,10,10,10,10,10,10,'');
insert into achievements values (116,'Achievement_9','Achievement/Achievement_9.png',37000001.5,10000000,2000000,2000000,2000000,2000000,2000000,2000000,2000000,2000000,2000000,2000000,1,0,0,0,0,0,0,100,10,10,10,10,10,10,10,10,10,10,10,'');
insert into achievements values (117,'Achievement_90','Achievement/Achievement_90.png',37000001.5,10000000,2000000,2000000,2000000,2000000,2000000,2000000,2000000,2000000,2000000,2000000,1,0,0,0,0,0,0,100,10,10,10,10,10,10,10,10,10,10,10,'');
insert into achievements values (118,'Achievement_91','Achievement/Achievement_91.png',37000001.5,10000000,2000000,2000000,2000000,2000000,2000000,2000000,2000000,2000000,2000000,2000000,1,0,0,0,0,0,0,100,10,10,10,10,10,10,10,10,10,10,10,'');
insert into achievements values (119,'Achievement_92','Achievement/Achievement_92.png',37000001.5,10000000,2000000,2000000,2000000,2000000,2000000,2000000,2000000,2000000,2000000,2000000,1,0,0,0,0,0,0,100,10,10,10,10,10,10,10,10,10,10,10,'');
insert into achievements values (120,'Achievement_93','Achievement/Achievement_93.png',37000001.5,10000000,2000000,2000000,2000000,2000000,2000000,2000000,2000000,2000000,2000000,2000000,1,0,0,0,0,0,0,100,10,10,10,10,10,10,10,10,10,10,10,'');
insert into achievements values (121,'Achievement_94','Achievement/Achievement_94.png',37000001.5,10000000,2000000,2000000,2000000,2000000,2000000,2000000,2000000,2000000,2000000,2000000,1,0,0,0,0,0,0,100,10,10,10,10,10,10,10,10,10,10,10,'');
insert into achievements values (122,'Achievement_95','Achievement/Achievement_95.png',37000001.5,10000000,2000000,2000000,2000000,2000000,2000000,2000000,2000000,2000000,2000000,2000000,1,0,0,0,0,0,0,100,10,10,10,10,10,10,10,10,10,10,10,'');
insert into achievements values (123,'Achievement_96','Achievement/Achievement_96.png',37000001.5,10000000,2000000,2000000,2000000,2000000,2000000,2000000,2000000,2000000,2000000,2000000,1,0,0,0,0,0,0,100,10,10,10,10,10,10,10,10,10,10,10,'');
insert into achievements values (124,'Achievement_97','Achievement/Achievement_97.png',37000001.5,10000000,2000000,2000000,2000000,2000000,2000000,2000000,2000000,2000000,2000000,2000000,1,0,0,0,0,0,0,100,10,10,10,10,10,10,10,10,10,10,10,'');
insert into achievements values (125,'Achievement_98','Achievement/Achievement_98.png',37000001.5,10000000,2000000,2000000,2000000,2000000,2000000,2000000,2000000,2000000,2000000,2000000,1,0,0,0,0,0,0,100,10,10,10,10,10,10,10,10,10,10,10,'');
insert into achievements values (126,'Achievement_99','Achievement/Achievement_99.png',37000001.5,10000000,2000000,2000000,2000000,2000000,2000000,2000000,2000000,2000000,2000000,2000000,1,0,0,0,0,0,0,100,10,10,10,10,10,10,10,10,10,10,10,'');