
insert into collaborations values (1,'ace one piece','Collaboration/ace_one_piece.png',37000001.5,10000000,2000000,2000000,2000000,2000000,2000000,2000000,2000000,2000000,2000000,2000000,1,0,0,0,0,0,0,100,40,40,40,40,40,40,40,40,40,40,40,'');
insert into collaborations values (2,'alteracao sign madara','Collaboration/alteracao_sign_madara.png',37000001.5,10000000,2000000,2000000,2000000,2000000,2000000,2000000,2000000,2000000,2000000,2000000,1,0,0,0,0,0,0,100,40,40,40,40,40,40,40,40,40,40,40,'');
insert into collaborations values (3,'arme glenstid  grand chase','Collaboration/arme_glenstid__grand_chase.png',37000001.5,10000000,2000000,2000000,2000000,2000000,2000000,2000000,2000000,2000000,2000000,2000000,1,0,0,0,0,0,0,100,40,40,40,40,40,40,40,40,40,40,40,'');
insert into collaborations values (4,'big mom  charlotte linlin','Collaboration/big_mom__charlotte_linlin.png',37000001.5,10000000,2000000,2000000,2000000,2000000,2000000,2000000,2000000,2000000,2000000,2000000,1,0,0,0,0,0,0,100,40,40,40,40,40,40,40,40,40,40,40,'');
insert into collaborations values (5,'bills  dragon ball super','Collaboration/bills__dragon_ball_super.png',37000001.5,10000000,2000000,2000000,2000000,2000000,2000000,2000000,2000000,2000000,2000000,2000000,1,0,0,0,0,0,0,100,40,40,40,40,40,40,40,40,40,40,40,'');
insert into collaborations values (6,'collab com soushi  kusakabe misuzu para jofer','Collaboration/collab_com_soushi__kusakabe_misuzu_para_jofer.png',37000001.5,10000000,2000000,2000000,2000000,2000000,2000000,2000000,2000000,2000000,2000000,2000000,1,0,0,0,0,0,0,100,40,40,40,40,40,40,40,40,40,40,40,'');
insert into collaborations values (7,'collab  lisara restall','Collaboration/collab__lisara_restall.png',37000001.5,10000000,2000000,2000000,2000000,2000000,2000000,2000000,2000000,2000000,2000000,2000000,1,0,0,0,0,0,0,100,40,40,40,40,40,40,40,40,40,40,40,'');
insert into collaborations values (8,'deidara','Collaboration/deidara.png',37000001.5,10000000,2000000,2000000,2000000,2000000,2000000,2000000,2000000,2000000,2000000,2000000,1,0,0,0,0,0,0,100,40,40,40,40,40,40,40,40,40,40,40,'');
insert into collaborations values (9,'engistar','Collaboration/engistar.png',37000001.5,10000000,2000000,2000000,2000000,2000000,2000000,2000000,2000000,2000000,2000000,2000000,1,0,0,0,0,0,0,100,40,40,40,40,40,40,40,40,40,40,40,'');
insert into collaborations values (10,'frg 2  magiarts  collab dead','Collaboration/frg_2__magiarts__collab_dead.png',37000001.5,10000000,2000000,2000000,2000000,2000000,2000000,2000000,2000000,2000000,2000000,2000000,1,0,0,0,0,0,0,100,40,40,40,40,40,40,40,40,40,40,40,'');
insert into collaborations values (11,'fullmetal alchemist','Collaboration/fullmetal_alchemist.png',37000001.5,10000000,2000000,2000000,2000000,2000000,2000000,2000000,2000000,2000000,2000000,2000000,1,0,0,0,0,0,0,100,40,40,40,40,40,40,40,40,40,40,40,'');
insert into collaborations values (12,'gift julio  nurarihyon no mago','Collaboration/gift_julio__nurarihyon_no_mago.png',37000001.5,10000000,2000000,2000000,2000000,2000000,2000000,2000000,2000000,2000000,2000000,2000000,1,0,0,0,0,0,0,100,40,40,40,40,40,40,40,40,40,40,40,'');
insert into collaborations values (13,'gift maiick','Collaboration/gift_maiick.png',37000001.5,10000000,2000000,2000000,2000000,2000000,2000000,2000000,2000000,2000000,2000000,2000000,1,0,0,0,0,0,0,100,40,40,40,40,40,40,40,40,40,40,40,'');
insert into collaborations values (14,'gift para jee  sign modelada ulquiorra schiffer','Collaboration/gift_para_jee__sign_modelada_ulquiorra_schiffer.png',37000001.5,10000000,2000000,2000000,2000000,2000000,2000000,2000000,2000000,2000000,2000000,2000000,1,0,0,0,0,0,0,100,40,40,40,40,40,40,40,40,40,40,40,'');
insert into collaborations values (15,'goku migatte no gokui ultra instinct ','Collaboration/goku_migatte_no_gokui_ultra_instinct_.png',37000001.5,10000000,2000000,2000000,2000000,2000000,2000000,2000000,2000000,2000000,2000000,2000000,1,0,0,0,0,0,0,100,40,40,40,40,40,40,40,40,40,40,40,'');
insert into collaborations values (16,'iori v2  collab dead gledson','Collaboration/iori_v2__collab_dead_gledson.png',37000001.5,10000000,2000000,2000000,2000000,2000000,2000000,2000000,2000000,2000000,2000000,2000000,1,0,0,0,0,0,0,100,40,40,40,40,40,40,40,40,40,40,40,'');
insert into collaborations values (17,'izana fundo claro','Collaboration/izana_fundo_claro.png',37000001.5,10000000,2000000,2000000,2000000,2000000,2000000,2000000,2000000,2000000,2000000,2000000,1,0,0,0,0,0,0,100,40,40,40,40,40,40,40,40,40,40,40,'');
insert into collaborations values (18,'kaichou wa maid sama','Collaboration/kaichou_wa_maid_sama.png',37000001.5,10000000,2000000,2000000,2000000,2000000,2000000,2000000,2000000,2000000,2000000,2000000,1,0,0,0,0,0,0,100,40,40,40,40,40,40,40,40,40,40,40,'');
insert into collaborations values (19,'killua','Collaboration/killua.png',37000001.5,10000000,2000000,2000000,2000000,2000000,2000000,2000000,2000000,2000000,2000000,2000000,1,0,0,0,0,0,0,100,40,40,40,40,40,40,40,40,40,40,40,'');
insert into collaborations values (20,'kisuke urahara bleach ','Collaboration/kisuke_urahara_bleach_.png',37000001.5,10000000,2000000,2000000,2000000,2000000,2000000,2000000,2000000,2000000,2000000,2000000,1,0,0,0,0,0,0,100,40,40,40,40,40,40,40,40,40,40,40,'');
insert into collaborations values (21,'kokushibou  kimetsu no yaiba','Collaboration/kokushibou__kimetsu_no_yaiba.png',37000001.5,10000000,2000000,2000000,2000000,2000000,2000000,2000000,2000000,2000000,2000000,2000000,1,0,0,0,0,0,0,100,40,40,40,40,40,40,40,40,40,40,40,'');
insert into collaborations values (22,'kuchiki rukia','Collaboration/kuchiki_rukia.png',37000001.5,10000000,2000000,2000000,2000000,2000000,2000000,2000000,2000000,2000000,2000000,2000000,1,0,0,0,0,0,0,100,40,40,40,40,40,40,40,40,40,40,40,'');
insert into collaborations values (23,'laxus collab com duff ','Collaboration/laxus_collab_com_duff_.png',37000001.5,10000000,2000000,2000000,2000000,2000000,2000000,2000000,2000000,2000000,2000000,2000000,1,0,0,0,0,0,0,100,40,40,40,40,40,40,40,40,40,40,40,'');
insert into collaborations values (24,'luffy nika gear 5  collab migfer','Collaboration/luffy_nika_gear_5__collab_migfer.png',37000001.5,10000000,2000000,2000000,2000000,2000000,2000000,2000000,2000000,2000000,2000000,2000000,1,0,0,0,0,0,0,100,40,40,40,40,40,40,40,40,40,40,40,'');
insert into collaborations values (25,'marco a fenix  motm1','Collaboration/marco_a_fenix__motm1.png',37000001.5,10000000,2000000,2000000,2000000,2000000,2000000,2000000,2000000,2000000,2000000,2000000,1,0,0,0,0,0,0,100,40,40,40,40,40,40,40,40,40,40,40,'');
insert into collaborations values (26,'mihawk motm  descartada','Collaboration/mihawk_motm__descartada.png',37000001.5,10000000,2000000,2000000,2000000,2000000,2000000,2000000,2000000,2000000,2000000,2000000,1,0,0,0,0,0,0,100,40,40,40,40,40,40,40,40,40,40,40,'');
insert into collaborations values (27,'moka inner','Collaboration/moka_inner.png',37000001.5,10000000,2000000,2000000,2000000,2000000,2000000,2000000,2000000,2000000,2000000,2000000,1,0,0,0,0,0,0,100,40,40,40,40,40,40,40,40,40,40,40,'');
insert into collaborations values (28,'natsu dragneel','Collaboration/natsu_dragneel.png',37000001.5,10000000,2000000,2000000,2000000,2000000,2000000,2000000,2000000,2000000,2000000,2000000,1,0,0,0,0,0,0,100,40,40,40,40,40,40,40,40,40,40,40,'');
insert into collaborations values (29,'obito','Collaboration/obito.png',37000001.5,10000000,2000000,2000000,2000000,2000000,2000000,2000000,2000000,2000000,2000000,2000000,1,0,0,0,0,0,0,100,40,40,40,40,40,40,40,40,40,40,40,'');
insert into collaborations values (30,'pop star  latale','Collaboration/pop_star__latale.png',37000001.5,10000000,2000000,2000000,2000000,2000000,2000000,2000000,2000000,2000000,2000000,2000000,1,0,0,0,0,0,0,100,40,40,40,40,40,40,40,40,40,40,40,'');
insert into collaborations values (31,'rainia  latale','Collaboration/rainia__latale.png',37000001.5,10000000,2000000,2000000,2000000,2000000,2000000,2000000,2000000,2000000,2000000,2000000,1,0,0,0,0,0,0,100,40,40,40,40,40,40,40,40,40,40,40,'');
insert into collaborations values (32,'sabrac','Collaboration/sabrac.png',37000001.5,10000000,2000000,2000000,2000000,2000000,2000000,2000000,2000000,2000000,2000000,2000000,1,0,0,0,0,0,0,100,40,40,40,40,40,40,40,40,40,40,40,'');
insert into collaborations values (33,'sanji sign','Collaboration/sanji_sign.png',37000001.5,10000000,2000000,2000000,2000000,2000000,2000000,2000000,2000000,2000000,2000000,2000000,1,0,0,0,0,0,0,100,40,40,40,40,40,40,40,40,40,40,40,'');
insert into collaborations values (34,'sign eucliwood hellscythe','Collaboration/sign_eucliwood_hellscythe.png',37000001.5,10000000,2000000,2000000,2000000,2000000,2000000,2000000,2000000,2000000,2000000,2000000,1,0,0,0,0,0,0,100,40,40,40,40,40,40,40,40,40,40,40,'');
insert into collaborations values (35,'sign gray fullbuster rayana ','Collaboration/sign_gray_fullbuster_rayana_.png',37000001.5,10000000,2000000,2000000,2000000,2000000,2000000,2000000,2000000,2000000,2000000,2000000,1,0,0,0,0,0,0,100,40,40,40,40,40,40,40,40,40,40,40,'');
insert into collaborations values (36,'sign jellal','Collaboration/sign_jellal.png',37000001.5,10000000,2000000,2000000,2000000,2000000,2000000,2000000,2000000,2000000,2000000,2000000,1,0,0,0,0,0,0,100,40,40,40,40,40,40,40,40,40,40,40,'');
insert into collaborations values (37,'sign modelada  akame ga kill  akame ','Collaboration/sign_modelada__akame_ga_kill__akame_.png',37000001.5,10000000,2000000,2000000,2000000,2000000,2000000,2000000,2000000,2000000,2000000,2000000,1,0,0,0,0,0,0,100,40,40,40,40,40,40,40,40,40,40,40,'');
insert into collaborations values (38,'sign modelada  alice pandora hearts ','Collaboration/sign_modelada__alice_pandora_hearts_.png',37000001.5,10000000,2000000,2000000,2000000,2000000,2000000,2000000,2000000,2000000,2000000,2000000,1,0,0,0,0,0,0,100,40,40,40,40,40,40,40,40,40,40,40,'');
insert into collaborations values (39,'sign modelada  cereza bayonetta 2 ','Collaboration/sign_modelada__cereza_bayonetta_2_.png',37000001.5,10000000,2000000,2000000,2000000,2000000,2000000,2000000,2000000,2000000,2000000,2000000,1,0,0,0,0,0,0,100,40,40,40,40,40,40,40,40,40,40,40,'');
insert into collaborations values (40,'sign modelada  gaara','Collaboration/sign_modelada__gaara.png',37000001.5,10000000,2000000,2000000,2000000,2000000,2000000,2000000,2000000,2000000,2000000,2000000,1,0,0,0,0,0,0,100,40,40,40,40,40,40,40,40,40,40,40,'');
insert into collaborations values (41,'sign modelada  ganta deadman wonderland ','Collaboration/sign_modelada__ganta_deadman_wonderland_.png',37000001.5,10000000,2000000,2000000,2000000,2000000,2000000,2000000,2000000,2000000,2000000,2000000,1,0,0,0,0,0,0,100,40,40,40,40,40,40,40,40,40,40,40,'');
insert into collaborations values (42,'sign modelada  gilgamesh','Collaboration/sign_modelada__gilgamesh.png',37000001.5,10000000,2000000,2000000,2000000,2000000,2000000,2000000,2000000,2000000,2000000,2000000,1,0,0,0,0,0,0,100,40,40,40,40,40,40,40,40,40,40,40,'');
insert into collaborations values (43,'sign modelada  gray fullbuster','Collaboration/sign_modelada__gray_fullbuster.png',37000001.5,10000000,2000000,2000000,2000000,2000000,2000000,2000000,2000000,2000000,2000000,2000000,1,0,0,0,0,0,0,100,40,40,40,40,40,40,40,40,40,40,40,'');
insert into collaborations values (44,'sign modelada  ho oh pokemon ','Collaboration/sign_modelada__ho_oh_pokemon_.png',37000001.5,10000000,2000000,2000000,2000000,2000000,2000000,2000000,2000000,2000000,2000000,2000000,1,0,0,0,0,0,0,100,40,40,40,40,40,40,40,40,40,40,40,'');
insert into collaborations values (45,'sign modelada  ichigo vaizard','Collaboration/sign_modelada__ichigo_vaizard.png',37000001.5,10000000,2000000,2000000,2000000,2000000,2000000,2000000,2000000,2000000,2000000,2000000,1,0,0,0,0,0,0,100,40,40,40,40,40,40,40,40,40,40,40,'');
insert into collaborations values (46,'sign modelada  inori guilty crown ','Collaboration/sign_modelada__inori_guilty_crown_.png',37000001.5,10000000,2000000,2000000,2000000,2000000,2000000,2000000,2000000,2000000,2000000,2000000,1,0,0,0,0,0,0,100,40,40,40,40,40,40,40,40,40,40,40,'');
insert into collaborations values (47,'sign modelada  kirito sao ','Collaboration/sign_modelada__kirito_sao_.png',37000001.5,10000000,2000000,2000000,2000000,2000000,2000000,2000000,2000000,2000000,2000000,2000000,1,0,0,0,0,0,0,100,40,40,40,40,40,40,40,40,40,40,40,'');
insert into collaborations values (48,'sign modelada  kuroyukihime accel world ','Collaboration/sign_modelada__kuroyukihime_accel_world_.png',37000001.5,10000000,2000000,2000000,2000000,2000000,2000000,2000000,2000000,2000000,2000000,2000000,1,0,0,0,0,0,0,100,40,40,40,40,40,40,40,40,40,40,40,'');
insert into collaborations values (49,'sign modelada  mirajane','Collaboration/sign_modelada__mirajane.png',37000001.5,10000000,2000000,2000000,2000000,2000000,2000000,2000000,2000000,2000000,2000000,2000000,1,0,0,0,0,0,0,100,40,40,40,40,40,40,40,40,40,40,40,'');
insert into collaborations values (50,'sign modelada  misuzu','Collaboration/sign_modelada__misuzu.png',37000001.5,10000000,2000000,2000000,2000000,2000000,2000000,2000000,2000000,2000000,2000000,2000000,1,0,0,0,0,0,0,100,40,40,40,40,40,40,40,40,40,40,40,'');
insert into collaborations values (51,'sign modelada  myuu','Collaboration/sign_modelada__myuu.png',37000001.5,10000000,2000000,2000000,2000000,2000000,2000000,2000000,2000000,2000000,2000000,2000000,1,0,0,0,0,0,0,100,40,40,40,40,40,40,40,40,40,40,40,'');
insert into collaborations values (52,'sign modelada  natsu','Collaboration/sign_modelada__natsu.png',37000001.5,10000000,2000000,2000000,2000000,2000000,2000000,2000000,2000000,2000000,2000000,2000000,1,0,0,0,0,0,0,100,40,40,40,40,40,40,40,40,40,40,40,'');
insert into collaborations values (53,'sign modelada  oogami rei','Collaboration/sign_modelada__oogami_rei.png',37000001.5,10000000,2000000,2000000,2000000,2000000,2000000,2000000,2000000,2000000,2000000,2000000,1,0,0,0,0,0,0,100,40,40,40,40,40,40,40,40,40,40,40,'');
insert into collaborations values (54,'sign modelada  rias gremory','Collaboration/sign_modelada__rias_gremory.png',37000001.5,10000000,2000000,2000000,2000000,2000000,2000000,2000000,2000000,2000000,2000000,2000000,1,0,0,0,0,0,0,100,40,40,40,40,40,40,40,40,40,40,40,'');
insert into collaborations values (55,'sign modelada  rias gremory gift pra rayana ','Collaboration/sign_modelada__rias_gremory_gift_pra_rayana_.png',37000001.5,10000000,2000000,2000000,2000000,2000000,2000000,2000000,2000000,2000000,2000000,2000000,1,0,0,0,0,0,0,100,40,40,40,40,40,40,40,40,40,40,40,'');
insert into collaborations values (56,'sign modelada  shigofumi','Collaboration/sign_modelada__shigofumi.png',37000001.5,10000000,2000000,2000000,2000000,2000000,2000000,2000000,2000000,2000000,2000000,2000000,1,0,0,0,0,0,0,100,40,40,40,40,40,40,40,40,40,40,40,'');
insert into collaborations values (57,'sign modelada  soushi e ririshyou inu x boku ss ','Collaboration/sign_modelada__soushi_e_ririshyou_inu_x_boku_ss_.png',37000001.5,10000000,2000000,2000000,2000000,2000000,2000000,2000000,2000000,2000000,2000000,2000000,1,0,0,0,0,0,0,100,40,40,40,40,40,40,40,40,40,40,40,'');
insert into collaborations values (58,'sign modelada  uchiha madara','Collaboration/sign_modelada__uchiha_madara.png',37000001.5,10000000,2000000,2000000,2000000,2000000,2000000,2000000,2000000,2000000,2000000,2000000,1,0,0,0,0,0,0,100,40,40,40,40,40,40,40,40,40,40,40,'');
insert into collaborations values (59,'sign modelada  zeref','Collaboration/sign_modelada__zeref.png',37000001.5,10000000,2000000,2000000,2000000,2000000,2000000,2000000,2000000,2000000,2000000,2000000,1,0,0,0,0,0,0,100,40,40,40,40,40,40,40,40,40,40,40,'');
insert into collaborations values (60,'sign okumura rin','Collaboration/sign_okumura_rin.png',37000001.5,10000000,2000000,2000000,2000000,2000000,2000000,2000000,2000000,2000000,2000000,2000000,1,0,0,0,0,0,0,100,40,40,40,40,40,40,40,40,40,40,40,'');
insert into collaborations values (61,'sign sawada tsunayoshi','Collaboration/sign_sawada_tsunayoshi.png',37000001.5,10000000,2000000,2000000,2000000,2000000,2000000,2000000,2000000,2000000,2000000,2000000,1,0,0,0,0,0,0,100,40,40,40,40,40,40,40,40,40,40,40,'');
insert into collaborations values (62,'sign seiya  saint seiya hades eliseos ','Collaboration/sign_seiya__saint_seiya_hades_eliseos_.png',37000001.5,10000000,2000000,2000000,2000000,2000000,2000000,2000000,2000000,2000000,2000000,2000000,1,0,0,0,0,0,0,100,40,40,40,40,40,40,40,40,40,40,40,'');
insert into collaborations values (63,'sign sotw 10  stark','Collaboration/sign_sotw_10__stark.png',37000001.5,10000000,2000000,2000000,2000000,2000000,2000000,2000000,2000000,2000000,2000000,2000000,1,0,0,0,0,0,0,100,40,40,40,40,40,40,40,40,40,40,40,'');
insert into collaborations values (64,'sign sotw 1  barragan bleach ','Collaboration/sign_sotw_1__barragan_bleach_.png',37000001.5,10000000,2000000,2000000,2000000,2000000,2000000,2000000,2000000,2000000,2000000,2000000,1,0,0,0,0,0,0,100,40,40,40,40,40,40,40,40,40,40,40,'');
insert into collaborations values (65,'sign sotw 2  gilgamesh fate stay night ','Collaboration/sign_sotw_2__gilgamesh_fate_stay_night_.png',37000001.5,10000000,2000000,2000000,2000000,2000000,2000000,2000000,2000000,2000000,2000000,2000000,1,0,0,0,0,0,0,100,40,40,40,40,40,40,40,40,40,40,40,'');
insert into collaborations values (66,'sign  edward elric','Collaboration/sign__edward_elric.png',37000001.5,10000000,2000000,2000000,2000000,2000000,2000000,2000000,2000000,2000000,2000000,2000000,1,0,0,0,0,0,0,100,40,40,40,40,40,40,40,40,40,40,40,'');
insert into collaborations values (67,'sign  hei darker than black ','Collaboration/sign__hei_darker_than_black_.png',37000001.5,10000000,2000000,2000000,2000000,2000000,2000000,2000000,2000000,2000000,2000000,2000000,1,0,0,0,0,0,0,100,40,40,40,40,40,40,40,40,40,40,40,'');
insert into collaborations values (68,'sign  suicune pro megane','Collaboration/sign__suicune_pro_megane.png',37000001.5,10000000,2000000,2000000,2000000,2000000,2000000,2000000,2000000,2000000,2000000,2000000,1,0,0,0,0,0,0,100,40,40,40,40,40,40,40,40,40,40,40,'');
insert into collaborations values (69,'souless  latale','Collaboration/souless__latale.png',37000001.5,10000000,2000000,2000000,2000000,2000000,2000000,2000000,2000000,2000000,2000000,2000000,1,0,0,0,0,0,0,100,40,40,40,40,40,40,40,40,40,40,40,'');
insert into collaborations values (70,'syries argenteum','Collaboration/syries_argenteum.png',37000001.5,10000000,2000000,2000000,2000000,2000000,2000000,2000000,2000000,2000000,2000000,2000000,1,0,0,0,0,0,0,100,40,40,40,40,40,40,40,40,40,40,40,'');
insert into collaborations values (71,'v2','Collaboration/v2.png',37000001.5,10000000,2000000,2000000,2000000,2000000,2000000,2000000,2000000,2000000,2000000,2000000,1,0,0,0,0,0,0,100,40,40,40,40,40,40,40,40,40,40,40,'');
insert into collaborations values (72,'victorique de blois  gosick','Collaboration/victorique_de_blois__gosick.png',37000001.5,10000000,2000000,2000000,2000000,2000000,2000000,2000000,2000000,2000000,2000000,2000000,1,0,0,0,0,0,0,100,40,40,40,40,40,40,40,40,40,40,40,'');