
insert into pets values (1,'10010_1_stand','Pet/Legendary_Dragon/10010_1_stand.png','LG','Legendary_Dragon',0,30250001.5,10000000,1500000,1500000,1500000,1500000,1500000,1500000,1500000,1500000,1500000,1500000,1,0,0,0,0,0,0,100,'');
insert into pets values (2,'10010_2_stand','Pet/Legendary_Dragon/10010_2_stand.png','LG','Legendary_Dragon',0,30250001.5,10000000,1500000,1500000,1500000,1500000,1500000,1500000,1500000,1500000,1500000,1500000,1,0,0,0,0,0,0,100,'');
insert into pets values (3,'10010_3_stand','Pet/Legendary_Dragon/10010_3_stand.png','LG','Legendary_Dragon',0,30250001.5,10000000,1500000,1500000,1500000,1500000,1500000,1500000,1500000,1500000,1500000,1500000,1,0,0,0,0,0,0,100,'');
insert into pets values (4,'10020_1_stand','Pet/Legendary_Dragon/10020_1_stand.png','LG','Legendary_Dragon',0,30250001.5,10000000,1500000,1500000,1500000,1500000,1500000,1500000,1500000,1500000,1500000,1500000,1,0,0,0,0,0,0,100,'');
insert into pets values (5,'10020_2_stand','Pet/Legendary_Dragon/10020_2_stand.png','LG','Legendary_Dragon',0,30250001.5,10000000,1500000,1500000,1500000,1500000,1500000,1500000,1500000,1500000,1500000,1500000,1,0,0,0,0,0,0,100,'');
insert into pets values (6,'10020_3_stand','Pet/Legendary_Dragon/10020_3_stand.png','LG','Legendary_Dragon',0,30250001.5,10000000,1500000,1500000,1500000,1500000,1500000,1500000,1500000,1500000,1500000,1500000,1,0,0,0,0,0,0,100,'');
insert into pets values (7,'10021_1_stand','Pet/Legendary_Dragon/10021_1_stand.png','LG','Legendary_Dragon',0,30250001.5,10000000,1500000,1500000,1500000,1500000,1500000,1500000,1500000,1500000,1500000,1500000,1,0,0,0,0,0,0,100,'');
insert into pets values (8,'10021_2_stand','Pet/Legendary_Dragon/10021_2_stand.png','LG','Legendary_Dragon',0,30250001.5,10000000,1500000,1500000,1500000,1500000,1500000,1500000,1500000,1500000,1500000,1500000,1,0,0,0,0,0,0,100,'');
insert into pets values (9,'10021_3_stand','Pet/Legendary_Dragon/10021_3_stand.png','LG','Legendary_Dragon',0,30250001.5,10000000,1500000,1500000,1500000,1500000,1500000,1500000,1500000,1500000,1500000,1500000,1,0,0,0,0,0,0,100,'');
insert into pets values (10,'10027_1_stand','Pet/Legendary_Dragon/10027_1_stand.png','LG','Legendary_Dragon',0,30250001.5,10000000,1500000,1500000,1500000,1500000,1500000,1500000,1500000,1500000,1500000,1500000,1,0,0,0,0,0,0,100,'');
insert into pets values (11,'10027_2_stand','Pet/Legendary_Dragon/10027_2_stand.png','LG','Legendary_Dragon',0,30250001.5,10000000,1500000,1500000,1500000,1500000,1500000,1500000,1500000,1500000,1500000,1500000,1,0,0,0,0,0,0,100,'');
insert into pets values (12,'10027_3_stand','Pet/Legendary_Dragon/10027_3_stand.png','LG','Legendary_Dragon',0,30250001.5,10000000,1500000,1500000,1500000,1500000,1500000,1500000,1500000,1500000,1500000,1500000,1,0,0,0,0,0,0,100,'');
insert into pets values (13,'10033_1_stand','Pet/Legendary_Dragon/10033_1_stand.png','LG','Legendary_Dragon',0,30250001.5,10000000,1500000,1500000,1500000,1500000,1500000,1500000,1500000,1500000,1500000,1500000,1,0,0,0,0,0,0,100,'');
insert into pets values (14,'10033_2_stand','Pet/Legendary_Dragon/10033_2_stand.png','LG','Legendary_Dragon',0,30250001.5,10000000,1500000,1500000,1500000,1500000,1500000,1500000,1500000,1500000,1500000,1500000,1,0,0,0,0,0,0,100,'');
insert into pets values (15,'10033_3_stand','Pet/Legendary_Dragon/10033_3_stand.png','LG','Legendary_Dragon',0,30250001.5,10000000,1500000,1500000,1500000,1500000,1500000,1500000,1500000,1500000,1500000,1500000,1,0,0,0,0,0,0,100,'');
insert into pets values (16,'10042_1_stand','Pet/Legendary_Dragon/10042_1_stand.png','LG','Legendary_Dragon',0,30250001.5,10000000,1500000,1500000,1500000,1500000,1500000,1500000,1500000,1500000,1500000,1500000,1,0,0,0,0,0,0,100,'');
insert into pets values (17,'10042_2_stand','Pet/Legendary_Dragon/10042_2_stand.png','LG','Legendary_Dragon',0,30250001.5,10000000,1500000,1500000,1500000,1500000,1500000,1500000,1500000,1500000,1500000,1500000,1,0,0,0,0,0,0,100,'');
insert into pets values (18,'10042_3_stand','Pet/Legendary_Dragon/10042_3_stand.png','LG','Legendary_Dragon',0,30250001.5,10000000,1500000,1500000,1500000,1500000,1500000,1500000,1500000,1500000,1500000,1500000,1,0,0,0,0,0,0,100,'');
insert into pets values (19,'10043_1_stand','Pet/Legendary_Dragon/10043_1_stand.png','LG','Legendary_Dragon',0,30250001.5,10000000,1500000,1500000,1500000,1500000,1500000,1500000,1500000,1500000,1500000,1500000,1,0,0,0,0,0,0,100,'');
insert into pets values (20,'10043_2_stand','Pet/Legendary_Dragon/10043_2_stand.png','LG','Legendary_Dragon',0,30250001.5,10000000,1500000,1500000,1500000,1500000,1500000,1500000,1500000,1500000,1500000,1500000,1,0,0,0,0,0,0,100,'');
insert into pets values (21,'10043_3_stand','Pet/Legendary_Dragon/10043_3_stand.png','LG','Legendary_Dragon',0,30250001.5,10000000,1500000,1500000,1500000,1500000,1500000,1500000,1500000,1500000,1500000,1500000,1,0,0,0,0,0,0,100,'');
insert into pets values (22,'10072_1_stand','Pet/Legendary_Dragon/10072_1_stand.png','LG','Legendary_Dragon',0,30250001.5,10000000,1500000,1500000,1500000,1500000,1500000,1500000,1500000,1500000,1500000,1500000,1,0,0,0,0,0,0,100,'');
insert into pets values (23,'10072_2_stand','Pet/Legendary_Dragon/10072_2_stand.png','LG','Legendary_Dragon',0,30250001.5,10000000,1500000,1500000,1500000,1500000,1500000,1500000,1500000,1500000,1500000,1500000,1,0,0,0,0,0,0,100,'');
insert into pets values (24,'10072_3_stand','Pet/Legendary_Dragon/10072_3_stand.png','LG','Legendary_Dragon',0,30250001.5,10000000,1500000,1500000,1500000,1500000,1500000,1500000,1500000,1500000,1500000,1500000,1,0,0,0,0,0,0,100,'');
insert into pets values (25,'10073_1_stand','Pet/Legendary_Dragon/10073_1_stand.png','LG','Legendary_Dragon',0,30250001.5,10000000,1500000,1500000,1500000,1500000,1500000,1500000,1500000,1500000,1500000,1500000,1,0,0,0,0,0,0,100,'');
insert into pets values (26,'10073_2_stand','Pet/Legendary_Dragon/10073_2_stand.png','LG','Legendary_Dragon',0,30250001.5,10000000,1500000,1500000,1500000,1500000,1500000,1500000,1500000,1500000,1500000,1500000,1,0,0,0,0,0,0,100,'');
insert into pets values (27,'10073_3_stand','Pet/Legendary_Dragon/10073_3_stand.png','LG','Legendary_Dragon',0,30250001.5,10000000,1500000,1500000,1500000,1500000,1500000,1500000,1500000,1500000,1500000,1500000,1,0,0,0,0,0,0,100,'');
insert into pets values (28,'10084_1_stand','Pet/Legendary_Dragon/10084_1_stand.png','LG','Legendary_Dragon',0,30250001.5,10000000,1500000,1500000,1500000,1500000,1500000,1500000,1500000,1500000,1500000,1500000,1,0,0,0,0,0,0,100,'');
insert into pets values (29,'10084_2_stand','Pet/Legendary_Dragon/10084_2_stand.png','LG','Legendary_Dragon',0,30250001.5,10000000,1500000,1500000,1500000,1500000,1500000,1500000,1500000,1500000,1500000,1500000,1,0,0,0,0,0,0,100,'');
insert into pets values (30,'10084_3_stand','Pet/Legendary_Dragon/10084_3_stand.png','LG','Legendary_Dragon',0,30250001.5,10000000,1500000,1500000,1500000,1500000,1500000,1500000,1500000,1500000,1500000,1500000,1,0,0,0,0,0,0,100,'');
insert into pets values (31,'10085_1_stand','Pet/Legendary_Dragon/10085_1_stand.png','LG','Legendary_Dragon',0,30250001.5,10000000,1500000,1500000,1500000,1500000,1500000,1500000,1500000,1500000,1500000,1500000,1,0,0,0,0,0,0,100,'');
insert into pets values (32,'10085_2_stand','Pet/Legendary_Dragon/10085_2_stand.png','LG','Legendary_Dragon',0,30250001.5,10000000,1500000,1500000,1500000,1500000,1500000,1500000,1500000,1500000,1500000,1500000,1,0,0,0,0,0,0,100,'');
insert into pets values (33,'10085_3_stand','Pet/Legendary_Dragon/10085_3_stand.png','LG','Legendary_Dragon',0,30250001.5,10000000,1500000,1500000,1500000,1500000,1500000,1500000,1500000,1500000,1500000,1500000,1,0,0,0,0,0,0,100,'');
insert into pets values (34,'10096_1_stand','Pet/Legendary_Dragon/10096_1_stand.png','LG','Legendary_Dragon',0,30250001.5,10000000,1500000,1500000,1500000,1500000,1500000,1500000,1500000,1500000,1500000,1500000,1,0,0,0,0,0,0,100,'');
insert into pets values (35,'10096_2_stand','Pet/Legendary_Dragon/10096_2_stand.png','LG','Legendary_Dragon',0,30250001.5,10000000,1500000,1500000,1500000,1500000,1500000,1500000,1500000,1500000,1500000,1500000,1,0,0,0,0,0,0,100,'');
insert into pets values (36,'10096_3_stand','Pet/Legendary_Dragon/10096_3_stand.png','LG','Legendary_Dragon',0,30250001.5,10000000,1500000,1500000,1500000,1500000,1500000,1500000,1500000,1500000,1500000,1500000,1,0,0,0,0,0,0,100,'');
insert into pets values (37,'10097_1_stand','Pet/Legendary_Dragon/10097_1_stand.png','LG','Legendary_Dragon',0,30250001.5,10000000,1500000,1500000,1500000,1500000,1500000,1500000,1500000,1500000,1500000,1500000,1,0,0,0,0,0,0,100,'');
insert into pets values (38,'10097_2_stand','Pet/Legendary_Dragon/10097_2_stand.png','LG','Legendary_Dragon',0,30250001.5,10000000,1500000,1500000,1500000,1500000,1500000,1500000,1500000,1500000,1500000,1500000,1,0,0,0,0,0,0,100,'');
insert into pets values (39,'10097_3_stand','Pet/Legendary_Dragon/10097_3_stand.png','LG','Legendary_Dragon',0,30250001.5,10000000,1500000,1500000,1500000,1500000,1500000,1500000,1500000,1500000,1500000,1500000,1,0,0,0,0,0,0,100,'');
insert into pets values (40,'10098_1_stand','Pet/Legendary_Dragon/10098_1_stand.png','LG','Legendary_Dragon',0,30250001.5,10000000,1500000,1500000,1500000,1500000,1500000,1500000,1500000,1500000,1500000,1500000,1,0,0,0,0,0,0,100,'');
insert into pets values (41,'10098_2_stand','Pet/Legendary_Dragon/10098_2_stand.png','LG','Legendary_Dragon',0,30250001.5,10000000,1500000,1500000,1500000,1500000,1500000,1500000,1500000,1500000,1500000,1500000,1,0,0,0,0,0,0,100,'');
insert into pets values (42,'10098_3_stand','Pet/Legendary_Dragon/10098_3_stand.png','LG','Legendary_Dragon',0,30250001.5,10000000,1500000,1500000,1500000,1500000,1500000,1500000,1500000,1500000,1500000,1500000,1,0,0,0,0,0,0,100,'');
insert into pets values (43,'10129_1_stand','Pet/Legendary_Dragon/10129_1_stand.png','LG','Legendary_Dragon',0,30250001.5,10000000,1500000,1500000,1500000,1500000,1500000,1500000,1500000,1500000,1500000,1500000,1,0,0,0,0,0,0,100,'');
insert into pets values (44,'10129_2_stand','Pet/Legendary_Dragon/10129_2_stand.png','LG','Legendary_Dragon',0,30250001.5,10000000,1500000,1500000,1500000,1500000,1500000,1500000,1500000,1500000,1500000,1500000,1,0,0,0,0,0,0,100,'');
insert into pets values (45,'10129_3_stand','Pet/Legendary_Dragon/10129_3_stand.png','LG','Legendary_Dragon',0,30250001.5,10000000,1500000,1500000,1500000,1500000,1500000,1500000,1500000,1500000,1500000,1500000,1,0,0,0,0,0,0,100,'');
insert into pets values (46,'10139_1_stand','Pet/Legendary_Dragon/10139_1_stand.png','LG','Legendary_Dragon',0,30250001.5,10000000,1500000,1500000,1500000,1500000,1500000,1500000,1500000,1500000,1500000,1500000,1,0,0,0,0,0,0,100,'');
insert into pets values (47,'10139_2_stand','Pet/Legendary_Dragon/10139_2_stand.png','LG','Legendary_Dragon',0,30250001.5,10000000,1500000,1500000,1500000,1500000,1500000,1500000,1500000,1500000,1500000,1500000,1,0,0,0,0,0,0,100,'');
insert into pets values (48,'10139_3_stand','Pet/Legendary_Dragon/10139_3_stand.png','LG','Legendary_Dragon',0,30250001.5,10000000,1500000,1500000,1500000,1500000,1500000,1500000,1500000,1500000,1500000,1500000,1,0,0,0,0,0,0,100,'');
insert into pets values (49,'10145_1_stand','Pet/Legendary_Dragon/10145_1_stand.png','LG','Legendary_Dragon',0,30250001.5,10000000,1500000,1500000,1500000,1500000,1500000,1500000,1500000,1500000,1500000,1500000,1,0,0,0,0,0,0,100,'');
insert into pets values (50,'10145_2_stand','Pet/Legendary_Dragon/10145_2_stand.png','LG','Legendary_Dragon',0,30250001.5,10000000,1500000,1500000,1500000,1500000,1500000,1500000,1500000,1500000,1500000,1500000,1,0,0,0,0,0,0,100,'');
insert into pets values (51,'10145_3_stand','Pet/Legendary_Dragon/10145_3_stand.png','LG','Legendary_Dragon',0,30250001.5,10000000,1500000,1500000,1500000,1500000,1500000,1500000,1500000,1500000,1500000,1500000,1,0,0,0,0,0,0,100,'');
insert into pets values (52,'10156_1_stand','Pet/Legendary_Dragon/10156_1_stand.png','LG','Legendary_Dragon',0,30250001.5,10000000,1500000,1500000,1500000,1500000,1500000,1500000,1500000,1500000,1500000,1500000,1,0,0,0,0,0,0,100,'');
insert into pets values (53,'10156_2_stand','Pet/Legendary_Dragon/10156_2_stand.png','LG','Legendary_Dragon',0,30250001.5,10000000,1500000,1500000,1500000,1500000,1500000,1500000,1500000,1500000,1500000,1500000,1,0,0,0,0,0,0,100,'');
insert into pets values (54,'10156_3_stand','Pet/Legendary_Dragon/10156_3_stand.png','LG','Legendary_Dragon',0,30250001.5,10000000,1500000,1500000,1500000,1500000,1500000,1500000,1500000,1500000,1500000,1500000,1,0,0,0,0,0,0,100,'');
insert into pets values (55,'10157_1_stand','Pet/Legendary_Dragon/10157_1_stand.png','LG','Legendary_Dragon',0,30250001.5,10000000,1500000,1500000,1500000,1500000,1500000,1500000,1500000,1500000,1500000,1500000,1,0,0,0,0,0,0,100,'');
insert into pets values (56,'10157_2_stand','Pet/Legendary_Dragon/10157_2_stand.png','LG','Legendary_Dragon',0,30250001.5,10000000,1500000,1500000,1500000,1500000,1500000,1500000,1500000,1500000,1500000,1500000,1,0,0,0,0,0,0,100,'');
insert into pets values (57,'10157_3_stand','Pet/Legendary_Dragon/10157_3_stand.png','LG','Legendary_Dragon',0,30250001.5,10000000,1500000,1500000,1500000,1500000,1500000,1500000,1500000,1500000,1500000,1500000,1,0,0,0,0,0,0,100,'');
insert into pets values (58,'10176_1_stand','Pet/Legendary_Dragon/10176_1_stand.png','LG','Legendary_Dragon',0,30250001.5,10000000,1500000,1500000,1500000,1500000,1500000,1500000,1500000,1500000,1500000,1500000,1,0,0,0,0,0,0,100,'');
insert into pets values (59,'10176_2_stand','Pet/Legendary_Dragon/10176_2_stand.png','LG','Legendary_Dragon',0,30250001.5,10000000,1500000,1500000,1500000,1500000,1500000,1500000,1500000,1500000,1500000,1500000,1,0,0,0,0,0,0,100,'');
insert into pets values (60,'10176_3_stand','Pet/Legendary_Dragon/10176_3_stand.png','LG','Legendary_Dragon',0,30250001.5,10000000,1500000,1500000,1500000,1500000,1500000,1500000,1500000,1500000,1500000,1500000,1,0,0,0,0,0,0,100,'');
insert into pets values (61,'10189_1_stand','Pet/Legendary_Dragon/10189_1_stand.png','LG','Legendary_Dragon',0,30250001.5,10000000,1500000,1500000,1500000,1500000,1500000,1500000,1500000,1500000,1500000,1500000,1,0,0,0,0,0,0,100,'');
insert into pets values (62,'10189_2_stand','Pet/Legendary_Dragon/10189_2_stand.png','LG','Legendary_Dragon',0,30250001.5,10000000,1500000,1500000,1500000,1500000,1500000,1500000,1500000,1500000,1500000,1500000,1,0,0,0,0,0,0,100,'');
insert into pets values (63,'10189_3_stand','Pet/Legendary_Dragon/10189_3_stand.png','LG','Legendary_Dragon',0,30250001.5,10000000,1500000,1500000,1500000,1500000,1500000,1500000,1500000,1500000,1500000,1500000,1,0,0,0,0,0,0,100,'');
insert into pets values (64,'10205_1_stand','Pet/Legendary_Dragon/10205_1_stand.png','LG','Legendary_Dragon',0,30250001.5,10000000,1500000,1500000,1500000,1500000,1500000,1500000,1500000,1500000,1500000,1500000,1,0,0,0,0,0,0,100,'');
insert into pets values (65,'10205_2_stand','Pet/Legendary_Dragon/10205_2_stand.png','LG','Legendary_Dragon',0,30250001.5,10000000,1500000,1500000,1500000,1500000,1500000,1500000,1500000,1500000,1500000,1500000,1,0,0,0,0,0,0,100,'');
insert into pets values (66,'10205_3_stand','Pet/Legendary_Dragon/10205_3_stand.png','LG','Legendary_Dragon',0,30250001.5,10000000,1500000,1500000,1500000,1500000,1500000,1500000,1500000,1500000,1500000,1500000,1,0,0,0,0,0,0,100,'');
insert into pets values (67,'10221_1_stand','Pet/Legendary_Dragon/10221_1_stand.png','LG','Legendary_Dragon',0,30250001.5,10000000,1500000,1500000,1500000,1500000,1500000,1500000,1500000,1500000,1500000,1500000,1,0,0,0,0,0,0,100,'');
insert into pets values (68,'10221_2_stand','Pet/Legendary_Dragon/10221_2_stand.png','LG','Legendary_Dragon',0,30250001.5,10000000,1500000,1500000,1500000,1500000,1500000,1500000,1500000,1500000,1500000,1500000,1,0,0,0,0,0,0,100,'');
insert into pets values (69,'10221_3_stand','Pet/Legendary_Dragon/10221_3_stand.png','LG','Legendary_Dragon',0,30250001.5,10000000,1500000,1500000,1500000,1500000,1500000,1500000,1500000,1500000,1500000,1500000,1,0,0,0,0,0,0,100,'');
insert into pets values (70,'10236_1_stand','Pet/Legendary_Dragon/10236_1_stand.png','LG','Legendary_Dragon',0,30250001.5,10000000,1500000,1500000,1500000,1500000,1500000,1500000,1500000,1500000,1500000,1500000,1,0,0,0,0,0,0,100,'');
insert into pets values (71,'10236_2_stand','Pet/Legendary_Dragon/10236_2_stand.png','LG','Legendary_Dragon',0,30250001.5,10000000,1500000,1500000,1500000,1500000,1500000,1500000,1500000,1500000,1500000,1500000,1,0,0,0,0,0,0,100,'');
insert into pets values (72,'10236_3_stand','Pet/Legendary_Dragon/10236_3_stand.png','LG','Legendary_Dragon',0,30250001.5,10000000,1500000,1500000,1500000,1500000,1500000,1500000,1500000,1500000,1500000,1500000,1,0,0,0,0,0,0,100,'');
insert into pets values (73,'10238_1_stand','Pet/Legendary_Dragon/10238_1_stand.png','LG','Legendary_Dragon',0,30250001.5,10000000,1500000,1500000,1500000,1500000,1500000,1500000,1500000,1500000,1500000,1500000,1,0,0,0,0,0,0,100,'');
insert into pets values (74,'10238_2_stand','Pet/Legendary_Dragon/10238_2_stand.png','LG','Legendary_Dragon',0,30250001.5,10000000,1500000,1500000,1500000,1500000,1500000,1500000,1500000,1500000,1500000,1500000,1,0,0,0,0,0,0,100,'');
insert into pets values (75,'10238_3_stand','Pet/Legendary_Dragon/10238_3_stand.png','LG','Legendary_Dragon',0,30250001.5,10000000,1500000,1500000,1500000,1500000,1500000,1500000,1500000,1500000,1500000,1500000,1,0,0,0,0,0,0,100,'');
insert into pets values (76,'10250_1_stand','Pet/Legendary_Dragon/10250_1_stand.png','LG','Legendary_Dragon',0,30250001.5,10000000,1500000,1500000,1500000,1500000,1500000,1500000,1500000,1500000,1500000,1500000,1,0,0,0,0,0,0,100,'');
insert into pets values (77,'10250_2_stand','Pet/Legendary_Dragon/10250_2_stand.png','LG','Legendary_Dragon',0,30250001.5,10000000,1500000,1500000,1500000,1500000,1500000,1500000,1500000,1500000,1500000,1500000,1,0,0,0,0,0,0,100,'');
insert into pets values (78,'10250_3_stand','Pet/Legendary_Dragon/10250_3_stand.png','LG','Legendary_Dragon',0,30250001.5,10000000,1500000,1500000,1500000,1500000,1500000,1500000,1500000,1500000,1500000,1500000,1,0,0,0,0,0,0,100,'');
insert into pets values (79,'10265_1_stand','Pet/Legendary_Dragon/10265_1_stand.png','LG','Legendary_Dragon',0,30250001.5,10000000,1500000,1500000,1500000,1500000,1500000,1500000,1500000,1500000,1500000,1500000,1,0,0,0,0,0,0,100,'');
insert into pets values (80,'10265_2_stand','Pet/Legendary_Dragon/10265_2_stand.png','LG','Legendary_Dragon',0,30250001.5,10000000,1500000,1500000,1500000,1500000,1500000,1500000,1500000,1500000,1500000,1500000,1,0,0,0,0,0,0,100,'');
insert into pets values (81,'10265_3_stand','Pet/Legendary_Dragon/10265_3_stand.png','LG','Legendary_Dragon',0,30250001.5,10000000,1500000,1500000,1500000,1500000,1500000,1500000,1500000,1500000,1500000,1500000,1,0,0,0,0,0,0,100,'');
insert into pets values (82,'10271_1_stand','Pet/Legendary_Dragon/10271_1_stand.png','LG','Legendary_Dragon',0,30250001.5,10000000,1500000,1500000,1500000,1500000,1500000,1500000,1500000,1500000,1500000,1500000,1,0,0,0,0,0,0,100,'');
insert into pets values (83,'10271_2_stand','Pet/Legendary_Dragon/10271_2_stand.png','LG','Legendary_Dragon',0,30250001.5,10000000,1500000,1500000,1500000,1500000,1500000,1500000,1500000,1500000,1500000,1500000,1,0,0,0,0,0,0,100,'');
insert into pets values (84,'10271_3_stand','Pet/Legendary_Dragon/10271_3_stand.png','LG','Legendary_Dragon',0,30250001.5,10000000,1500000,1500000,1500000,1500000,1500000,1500000,1500000,1500000,1500000,1500000,1,0,0,0,0,0,0,100,'');
insert into pets values (85,'10278_1_stand','Pet/Legendary_Dragon/10278_1_stand.png','LG','Legendary_Dragon',0,30250001.5,10000000,1500000,1500000,1500000,1500000,1500000,1500000,1500000,1500000,1500000,1500000,1,0,0,0,0,0,0,100,'');
insert into pets values (86,'10278_2_stand','Pet/Legendary_Dragon/10278_2_stand.png','LG','Legendary_Dragon',0,30250001.5,10000000,1500000,1500000,1500000,1500000,1500000,1500000,1500000,1500000,1500000,1500000,1,0,0,0,0,0,0,100,'');
insert into pets values (87,'10278_3_stand','Pet/Legendary_Dragon/10278_3_stand.png','LG','Legendary_Dragon',0,30250001.5,10000000,1500000,1500000,1500000,1500000,1500000,1500000,1500000,1500000,1500000,1500000,1,0,0,0,0,0,0,100,'');
insert into pets values (88,'10288_1_stand','Pet/Legendary_Dragon/10288_1_stand.png','LG','Legendary_Dragon',0,30250001.5,10000000,1500000,1500000,1500000,1500000,1500000,1500000,1500000,1500000,1500000,1500000,1,0,0,0,0,0,0,100,'');
insert into pets values (89,'10288_2_stand','Pet/Legendary_Dragon/10288_2_stand.png','LG','Legendary_Dragon',0,30250001.5,10000000,1500000,1500000,1500000,1500000,1500000,1500000,1500000,1500000,1500000,1500000,1,0,0,0,0,0,0,100,'');
insert into pets values (90,'10288_3_stand','Pet/Legendary_Dragon/10288_3_stand.png','LG','Legendary_Dragon',0,30250001.5,10000000,1500000,1500000,1500000,1500000,1500000,1500000,1500000,1500000,1500000,1500000,1,0,0,0,0,0,0,100,'');
insert into pets values (91,'10298_1_stand','Pet/Legendary_Dragon/10298_1_stand.png','LG','Legendary_Dragon',0,30250001.5,10000000,1500000,1500000,1500000,1500000,1500000,1500000,1500000,1500000,1500000,1500000,1,0,0,0,0,0,0,100,'');
insert into pets values (92,'10298_2_stand','Pet/Legendary_Dragon/10298_2_stand.png','LG','Legendary_Dragon',0,30250001.5,10000000,1500000,1500000,1500000,1500000,1500000,1500000,1500000,1500000,1500000,1500000,1,0,0,0,0,0,0,100,'');
insert into pets values (93,'10298_3_stand','Pet/Legendary_Dragon/10298_3_stand.png','LG','Legendary_Dragon',0,30250001.5,10000000,1500000,1500000,1500000,1500000,1500000,1500000,1500000,1500000,1500000,1500000,1,0,0,0,0,0,0,100,'');
insert into pets values (94,'10308_1_stand','Pet/Legendary_Dragon/10308_1_stand.png','LG','Legendary_Dragon',0,30250001.5,10000000,1500000,1500000,1500000,1500000,1500000,1500000,1500000,1500000,1500000,1500000,1,0,0,0,0,0,0,100,'');
insert into pets values (95,'10308_2_stand','Pet/Legendary_Dragon/10308_2_stand.png','LG','Legendary_Dragon',0,30250001.5,10000000,1500000,1500000,1500000,1500000,1500000,1500000,1500000,1500000,1500000,1500000,1,0,0,0,0,0,0,100,'');
insert into pets values (96,'10308_3_stand','Pet/Legendary_Dragon/10308_3_stand.png','LG','Legendary_Dragon',0,30250001.5,10000000,1500000,1500000,1500000,1500000,1500000,1500000,1500000,1500000,1500000,1500000,1,0,0,0,0,0,0,100,'');
insert into pets values (97,'10309_1_stand','Pet/Legendary_Dragon/10309_1_stand.png','LG','Legendary_Dragon',0,30250001.5,10000000,1500000,1500000,1500000,1500000,1500000,1500000,1500000,1500000,1500000,1500000,1,0,0,0,0,0,0,100,'');
insert into pets values (98,'10309_2_stand','Pet/Legendary_Dragon/10309_2_stand.png','LG','Legendary_Dragon',0,30250001.5,10000000,1500000,1500000,1500000,1500000,1500000,1500000,1500000,1500000,1500000,1500000,1,0,0,0,0,0,0,100,'');
insert into pets values (99,'10309_3_stand','Pet/Legendary_Dragon/10309_3_stand.png','LG','Legendary_Dragon',0,30250001.5,10000000,1500000,1500000,1500000,1500000,1500000,1500000,1500000,1500000,1500000,1500000,1,0,0,0,0,0,0,100,'');
insert into pets values (100,'10339_1_stand','Pet/Legendary_Dragon/10339_1_stand.png','LG','Legendary_Dragon',0,30250001.5,10000000,1500000,1500000,1500000,1500000,1500000,1500000,1500000,1500000,1500000,1500000,1,0,0,0,0,0,0,100,'');
insert into pets values (101,'10339_2_stand','Pet/Legendary_Dragon/10339_2_stand.png','LG','Legendary_Dragon',0,30250001.5,10000000,1500000,1500000,1500000,1500000,1500000,1500000,1500000,1500000,1500000,1500000,1,0,0,0,0,0,0,100,'');
insert into pets values (102,'10339_3_stand','Pet/Legendary_Dragon/10339_3_stand.png','LG','Legendary_Dragon',0,30250001.5,10000000,1500000,1500000,1500000,1500000,1500000,1500000,1500000,1500000,1500000,1500000,1,0,0,0,0,0,0,100,'');
insert into pets values (103,'10353_1_stand','Pet/Legendary_Dragon/10353_1_stand.png','LG','Legendary_Dragon',0,30250001.5,10000000,1500000,1500000,1500000,1500000,1500000,1500000,1500000,1500000,1500000,1500000,1,0,0,0,0,0,0,100,'');
insert into pets values (104,'10353_2_stand','Pet/Legendary_Dragon/10353_2_stand.png','LG','Legendary_Dragon',0,30250001.5,10000000,1500000,1500000,1500000,1500000,1500000,1500000,1500000,1500000,1500000,1500000,1,0,0,0,0,0,0,100,'');
insert into pets values (105,'10353_3_stand','Pet/Legendary_Dragon/10353_3_stand.png','LG','Legendary_Dragon',0,30250001.5,10000000,1500000,1500000,1500000,1500000,1500000,1500000,1500000,1500000,1500000,1500000,1,0,0,0,0,0,0,100,'');
insert into pets values (106,'10361_1_stand','Pet/Legendary_Dragon/10361_1_stand.png','LG','Legendary_Dragon',0,30250001.5,10000000,1500000,1500000,1500000,1500000,1500000,1500000,1500000,1500000,1500000,1500000,1,0,0,0,0,0,0,100,'');
insert into pets values (107,'10361_2_stand','Pet/Legendary_Dragon/10361_2_stand.png','LG','Legendary_Dragon',0,30250001.5,10000000,1500000,1500000,1500000,1500000,1500000,1500000,1500000,1500000,1500000,1500000,1,0,0,0,0,0,0,100,'');
insert into pets values (108,'10361_3_stand','Pet/Legendary_Dragon/10361_3_stand.png','LG','Legendary_Dragon',0,30250001.5,10000000,1500000,1500000,1500000,1500000,1500000,1500000,1500000,1500000,1500000,1500000,1,0,0,0,0,0,0,100,'');
insert into pets values (109,'10363_1_stand','Pet/Legendary_Dragon/10363_1_stand.png','LG','Legendary_Dragon',0,30250001.5,10000000,1500000,1500000,1500000,1500000,1500000,1500000,1500000,1500000,1500000,1500000,1,0,0,0,0,0,0,100,'');
insert into pets values (110,'10363_2_stand','Pet/Legendary_Dragon/10363_2_stand.png','LG','Legendary_Dragon',0,30250001.5,10000000,1500000,1500000,1500000,1500000,1500000,1500000,1500000,1500000,1500000,1500000,1,0,0,0,0,0,0,100,'');
insert into pets values (111,'10363_3_stand','Pet/Legendary_Dragon/10363_3_stand.png','LG','Legendary_Dragon',0,30250001.5,10000000,1500000,1500000,1500000,1500000,1500000,1500000,1500000,1500000,1500000,1500000,1,0,0,0,0,0,0,100,'');
insert into pets values (112,'10365_1_stand','Pet/Legendary_Dragon/10365_1_stand.png','LG','Legendary_Dragon',0,30250001.5,10000000,1500000,1500000,1500000,1500000,1500000,1500000,1500000,1500000,1500000,1500000,1,0,0,0,0,0,0,100,'');
insert into pets values (113,'10365_2_stand','Pet/Legendary_Dragon/10365_2_stand.png','LG','Legendary_Dragon',0,30250001.5,10000000,1500000,1500000,1500000,1500000,1500000,1500000,1500000,1500000,1500000,1500000,1,0,0,0,0,0,0,100,'');
insert into pets values (114,'10365_3_stand','Pet/Legendary_Dragon/10365_3_stand.png','LG','Legendary_Dragon',0,30250001.5,10000000,1500000,1500000,1500000,1500000,1500000,1500000,1500000,1500000,1500000,1500000,1,0,0,0,0,0,0,100,'');
insert into pets values (115,'10368_1_stand','Pet/Legendary_Dragon/10368_1_stand.png','LG','Legendary_Dragon',0,30250001.5,10000000,1500000,1500000,1500000,1500000,1500000,1500000,1500000,1500000,1500000,1500000,1,0,0,0,0,0,0,100,'');
insert into pets values (116,'10368_2_stand','Pet/Legendary_Dragon/10368_2_stand.png','LG','Legendary_Dragon',0,30250001.5,10000000,1500000,1500000,1500000,1500000,1500000,1500000,1500000,1500000,1500000,1500000,1,0,0,0,0,0,0,100,'');
insert into pets values (117,'10368_3_stand','Pet/Legendary_Dragon/10368_3_stand.png','LG','Legendary_Dragon',0,30250001.5,10000000,1500000,1500000,1500000,1500000,1500000,1500000,1500000,1500000,1500000,1500000,1,0,0,0,0,0,0,100,'');
insert into pets values (118,'10375_1_stand','Pet/Legendary_Dragon/10375_1_stand.png','LG','Legendary_Dragon',0,30250001.5,10000000,1500000,1500000,1500000,1500000,1500000,1500000,1500000,1500000,1500000,1500000,1,0,0,0,0,0,0,100,'');
insert into pets values (119,'10375_2_stand','Pet/Legendary_Dragon/10375_2_stand.png','LG','Legendary_Dragon',0,30250001.5,10000000,1500000,1500000,1500000,1500000,1500000,1500000,1500000,1500000,1500000,1500000,1,0,0,0,0,0,0,100,'');
insert into pets values (120,'10375_3_stand','Pet/Legendary_Dragon/10375_3_stand.png','LG','Legendary_Dragon',0,30250001.5,10000000,1500000,1500000,1500000,1500000,1500000,1500000,1500000,1500000,1500000,1500000,1,0,0,0,0,0,0,100,'');
insert into pets values (121,'10392_1_stand','Pet/Legendary_Dragon/10392_1_stand.png','LG','Legendary_Dragon',0,30250001.5,10000000,1500000,1500000,1500000,1500000,1500000,1500000,1500000,1500000,1500000,1500000,1,0,0,0,0,0,0,100,'');
insert into pets values (122,'10392_2_stand','Pet/Legendary_Dragon/10392_2_stand.png','LG','Legendary_Dragon',0,30250001.5,10000000,1500000,1500000,1500000,1500000,1500000,1500000,1500000,1500000,1500000,1500000,1,0,0,0,0,0,0,100,'');
insert into pets values (123,'10392_3_stand','Pet/Legendary_Dragon/10392_3_stand.png','LG','Legendary_Dragon',0,30250001.5,10000000,1500000,1500000,1500000,1500000,1500000,1500000,1500000,1500000,1500000,1500000,1,0,0,0,0,0,0,100,'');
insert into pets values (124,'10395_1_stand','Pet/Legendary_Dragon/10395_1_stand.png','LG','Legendary_Dragon',0,30250001.5,10000000,1500000,1500000,1500000,1500000,1500000,1500000,1500000,1500000,1500000,1500000,1,0,0,0,0,0,0,100,'');
insert into pets values (125,'10395_2_stand','Pet/Legendary_Dragon/10395_2_stand.png','LG','Legendary_Dragon',0,30250001.5,10000000,1500000,1500000,1500000,1500000,1500000,1500000,1500000,1500000,1500000,1500000,1,0,0,0,0,0,0,100,'');
insert into pets values (126,'10395_3_stand','Pet/Legendary_Dragon/10395_3_stand.png','LG','Legendary_Dragon',0,30250001.5,10000000,1500000,1500000,1500000,1500000,1500000,1500000,1500000,1500000,1500000,1500000,1,0,0,0,0,0,0,100,'');
insert into pets values (127,'10397_1_stand','Pet/Legendary_Dragon/10397_1_stand.png','LG','Legendary_Dragon',0,30250001.5,10000000,1500000,1500000,1500000,1500000,1500000,1500000,1500000,1500000,1500000,1500000,1,0,0,0,0,0,0,100,'');
insert into pets values (128,'10397_2_stand','Pet/Legendary_Dragon/10397_2_stand.png','LG','Legendary_Dragon',0,30250001.5,10000000,1500000,1500000,1500000,1500000,1500000,1500000,1500000,1500000,1500000,1500000,1,0,0,0,0,0,0,100,'');
insert into pets values (129,'10397_3_stand','Pet/Legendary_Dragon/10397_3_stand.png','LG','Legendary_Dragon',0,30250001.5,10000000,1500000,1500000,1500000,1500000,1500000,1500000,1500000,1500000,1500000,1500000,1,0,0,0,0,0,0,100,'');
insert into pets values (130,'10411_1_stand','Pet/Legendary_Dragon/10411_1_stand.png','LG','Legendary_Dragon',0,30250001.5,10000000,1500000,1500000,1500000,1500000,1500000,1500000,1500000,1500000,1500000,1500000,1,0,0,0,0,0,0,100,'');
insert into pets values (131,'10411_2_stand','Pet/Legendary_Dragon/10411_2_stand.png','LG','Legendary_Dragon',0,30250001.5,10000000,1500000,1500000,1500000,1500000,1500000,1500000,1500000,1500000,1500000,1500000,1,0,0,0,0,0,0,100,'');
insert into pets values (132,'10411_3_stand','Pet/Legendary_Dragon/10411_3_stand.png','LG','Legendary_Dragon',0,30250001.5,10000000,1500000,1500000,1500000,1500000,1500000,1500000,1500000,1500000,1500000,1500000,1,0,0,0,0,0,0,100,'');
insert into pets values (133,'10442_1_stand','Pet/Legendary_Dragon/10442_1_stand.png','LG','Legendary_Dragon',0,30250001.5,10000000,1500000,1500000,1500000,1500000,1500000,1500000,1500000,1500000,1500000,1500000,1,0,0,0,0,0,0,100,'');
insert into pets values (134,'10442_2_stand','Pet/Legendary_Dragon/10442_2_stand.png','LG','Legendary_Dragon',0,30250001.5,10000000,1500000,1500000,1500000,1500000,1500000,1500000,1500000,1500000,1500000,1500000,1,0,0,0,0,0,0,100,'');
insert into pets values (135,'10442_3_stand','Pet/Legendary_Dragon/10442_3_stand.png','LG','Legendary_Dragon',0,30250001.5,10000000,1500000,1500000,1500000,1500000,1500000,1500000,1500000,1500000,1500000,1500000,1,0,0,0,0,0,0,100,'');
insert into pets values (136,'10450_1_stand','Pet/Legendary_Dragon/10450_1_stand.png','LG','Legendary_Dragon',0,30250001.5,10000000,1500000,1500000,1500000,1500000,1500000,1500000,1500000,1500000,1500000,1500000,1,0,0,0,0,0,0,100,'');
insert into pets values (137,'10450_2_stand','Pet/Legendary_Dragon/10450_2_stand.png','LG','Legendary_Dragon',0,30250001.5,10000000,1500000,1500000,1500000,1500000,1500000,1500000,1500000,1500000,1500000,1500000,1,0,0,0,0,0,0,100,'');
insert into pets values (138,'10450_3_stand','Pet/Legendary_Dragon/10450_3_stand.png','LG','Legendary_Dragon',0,30250001.5,10000000,1500000,1500000,1500000,1500000,1500000,1500000,1500000,1500000,1500000,1500000,1,0,0,0,0,0,0,100,'');
insert into pets values (139,'10455_1_stand','Pet/Legendary_Dragon/10455_1_stand.png','LG','Legendary_Dragon',0,30250001.5,10000000,1500000,1500000,1500000,1500000,1500000,1500000,1500000,1500000,1500000,1500000,1,0,0,0,0,0,0,100,'');
insert into pets values (140,'10455_2_stand','Pet/Legendary_Dragon/10455_2_stand.png','LG','Legendary_Dragon',0,30250001.5,10000000,1500000,1500000,1500000,1500000,1500000,1500000,1500000,1500000,1500000,1500000,1,0,0,0,0,0,0,100,'');
insert into pets values (141,'10455_3_stand','Pet/Legendary_Dragon/10455_3_stand.png','LG','Legendary_Dragon',0,30250001.5,10000000,1500000,1500000,1500000,1500000,1500000,1500000,1500000,1500000,1500000,1500000,1,0,0,0,0,0,0,100,'');
insert into pets values (142,'10462_1_stand','Pet/Legendary_Dragon/10462_1_stand.png','LG','Legendary_Dragon',0,30250001.5,10000000,1500000,1500000,1500000,1500000,1500000,1500000,1500000,1500000,1500000,1500000,1,0,0,0,0,0,0,100,'');
insert into pets values (143,'10462_2_stand','Pet/Legendary_Dragon/10462_2_stand.png','LG','Legendary_Dragon',0,30250001.5,10000000,1500000,1500000,1500000,1500000,1500000,1500000,1500000,1500000,1500000,1500000,1,0,0,0,0,0,0,100,'');
insert into pets values (144,'10462_3_stand','Pet/Legendary_Dragon/10462_3_stand.png','LG','Legendary_Dragon',0,30250001.5,10000000,1500000,1500000,1500000,1500000,1500000,1500000,1500000,1500000,1500000,1500000,1,0,0,0,0,0,0,100,'');
insert into pets values (145,'10473_1_stand','Pet/Legendary_Dragon/10473_1_stand.png','LG','Legendary_Dragon',0,30250001.5,10000000,1500000,1500000,1500000,1500000,1500000,1500000,1500000,1500000,1500000,1500000,1,0,0,0,0,0,0,100,'');
insert into pets values (146,'10473_2_stand','Pet/Legendary_Dragon/10473_2_stand.png','LG','Legendary_Dragon',0,30250001.5,10000000,1500000,1500000,1500000,1500000,1500000,1500000,1500000,1500000,1500000,1500000,1,0,0,0,0,0,0,100,'');
insert into pets values (147,'10473_3_stand','Pet/Legendary_Dragon/10473_3_stand.png','LG','Legendary_Dragon',0,30250001.5,10000000,1500000,1500000,1500000,1500000,1500000,1500000,1500000,1500000,1500000,1500000,1,0,0,0,0,0,0,100,'');
insert into pets values (148,'10484_1_stand','Pet/Legendary_Dragon/10484_1_stand.png','LG','Legendary_Dragon',0,30250001.5,10000000,1500000,1500000,1500000,1500000,1500000,1500000,1500000,1500000,1500000,1500000,1,0,0,0,0,0,0,100,'');
insert into pets values (149,'10484_2_stand','Pet/Legendary_Dragon/10484_2_stand.png','LG','Legendary_Dragon',0,30250001.5,10000000,1500000,1500000,1500000,1500000,1500000,1500000,1500000,1500000,1500000,1500000,1,0,0,0,0,0,0,100,'');
insert into pets values (150,'10484_3_stand','Pet/Legendary_Dragon/10484_3_stand.png','LG','Legendary_Dragon',0,30250001.5,10000000,1500000,1500000,1500000,1500000,1500000,1500000,1500000,1500000,1500000,1500000,1,0,0,0,0,0,0,100,'');
insert into pets values (151,'10501_1_stand','Pet/Legendary_Dragon/10501_1_stand.png','LG','Legendary_Dragon',0,30250001.5,10000000,1500000,1500000,1500000,1500000,1500000,1500000,1500000,1500000,1500000,1500000,1,0,0,0,0,0,0,100,'');
insert into pets values (152,'10501_2_stand','Pet/Legendary_Dragon/10501_2_stand.png','LG','Legendary_Dragon',0,30250001.5,10000000,1500000,1500000,1500000,1500000,1500000,1500000,1500000,1500000,1500000,1500000,1,0,0,0,0,0,0,100,'');
insert into pets values (153,'10501_3_stand','Pet/Legendary_Dragon/10501_3_stand.png','LG','Legendary_Dragon',0,30250001.5,10000000,1500000,1500000,1500000,1500000,1500000,1500000,1500000,1500000,1500000,1500000,1,0,0,0,0,0,0,100,'');
insert into pets values (154,'10514_1_stand','Pet/Legendary_Dragon/10514_1_stand.png','LG','Legendary_Dragon',0,30250001.5,10000000,1500000,1500000,1500000,1500000,1500000,1500000,1500000,1500000,1500000,1500000,1,0,0,0,0,0,0,100,'');
insert into pets values (155,'10514_2_stand','Pet/Legendary_Dragon/10514_2_stand.png','LG','Legendary_Dragon',0,30250001.5,10000000,1500000,1500000,1500000,1500000,1500000,1500000,1500000,1500000,1500000,1500000,1,0,0,0,0,0,0,100,'');
insert into pets values (156,'10514_3_stand','Pet/Legendary_Dragon/10514_3_stand.png','LG','Legendary_Dragon',0,30250001.5,10000000,1500000,1500000,1500000,1500000,1500000,1500000,1500000,1500000,1500000,1500000,1,0,0,0,0,0,0,100,'');
insert into pets values (157,'Mysthic_Monster_1','Pet/Mysthic_Monster/Mysthic_Monster_1.png','LG','Mysthic_Monster',0,30250001.5,10000000,1500000,1500000,1500000,1500000,1500000,1500000,1500000,1500000,1500000,1500000,1,0,0,0,0,0,0,100,'');
insert into pets values (158,'Mysthic_Monster_10','Pet/Mysthic_Monster/Mysthic_Monster_10.png','LG','Mysthic_Monster',0,30250001.5,10000000,1500000,1500000,1500000,1500000,1500000,1500000,1500000,1500000,1500000,1500000,1,0,0,0,0,0,0,100,'');
insert into pets values (159,'Mysthic_Monster_11','Pet/Mysthic_Monster/Mysthic_Monster_11.png','LG','Mysthic_Monster',0,30250001.5,10000000,1500000,1500000,1500000,1500000,1500000,1500000,1500000,1500000,1500000,1500000,1,0,0,0,0,0,0,100,'');
insert into pets values (160,'Mysthic_Monster_12','Pet/Mysthic_Monster/Mysthic_Monster_12.png','LG','Mysthic_Monster',0,30250001.5,10000000,1500000,1500000,1500000,1500000,1500000,1500000,1500000,1500000,1500000,1500000,1,0,0,0,0,0,0,100,'');
insert into pets values (161,'Mysthic_Monster_2','Pet/Mysthic_Monster/Mysthic_Monster_2.png','LG','Mysthic_Monster',0,30250001.5,10000000,1500000,1500000,1500000,1500000,1500000,1500000,1500000,1500000,1500000,1500000,1,0,0,0,0,0,0,100,'');
insert into pets values (162,'Mysthic_Monster_3','Pet/Mysthic_Monster/Mysthic_Monster_3.png','LG','Mysthic_Monster',0,30250001.5,10000000,1500000,1500000,1500000,1500000,1500000,1500000,1500000,1500000,1500000,1500000,1,0,0,0,0,0,0,100,'');
insert into pets values (163,'Mysthic_Monster_4','Pet/Mysthic_Monster/Mysthic_Monster_4.png','LG','Mysthic_Monster',0,30250001.5,10000000,1500000,1500000,1500000,1500000,1500000,1500000,1500000,1500000,1500000,1500000,1,0,0,0,0,0,0,100,'');
insert into pets values (164,'Mysthic_Monster_5','Pet/Mysthic_Monster/Mysthic_Monster_5.png','LG','Mysthic_Monster',0,30250001.5,10000000,1500000,1500000,1500000,1500000,1500000,1500000,1500000,1500000,1500000,1500000,1,0,0,0,0,0,0,100,'');
insert into pets values (165,'Mysthic_Monster_6','Pet/Mysthic_Monster/Mysthic_Monster_6.png','LG','Mysthic_Monster',0,30250001.5,10000000,1500000,1500000,1500000,1500000,1500000,1500000,1500000,1500000,1500000,1500000,1,0,0,0,0,0,0,100,'');
insert into pets values (166,'Mysthic_Monster_7','Pet/Mysthic_Monster/Mysthic_Monster_7.png','LG','Mysthic_Monster',0,30250001.5,10000000,1500000,1500000,1500000,1500000,1500000,1500000,1500000,1500000,1500000,1500000,1,0,0,0,0,0,0,100,'');
insert into pets values (167,'Mysthic_Monster_8','Pet/Mysthic_Monster/Mysthic_Monster_8.png','LG','Mysthic_Monster',0,30250001.5,10000000,1500000,1500000,1500000,1500000,1500000,1500000,1500000,1500000,1500000,1500000,1,0,0,0,0,0,0,100,'');
insert into pets values (168,'Mysthic_Monster_9','Pet/Mysthic_Monster/Mysthic_Monster_9.png','LG','Mysthic_Monster',0,30250001.5,10000000,1500000,1500000,1500000,1500000,1500000,1500000,1500000,1500000,1500000,1500000,1,0,0,0,0,0,0,100,'');
insert into pets values (169,'Prime_Monster_1','Pet/Prime_Monster/Prime_Monster_1.png','LG','Prime_Monster',0,30250001.5,10000000,1500000,1500000,1500000,1500000,1500000,1500000,1500000,1500000,1500000,1500000,1,0,0,0,0,0,0,100,'');
insert into pets values (170,'Prime_Monster_10','Pet/Prime_Monster/Prime_Monster_10.png','LG','Prime_Monster',0,30250001.5,10000000,1500000,1500000,1500000,1500000,1500000,1500000,1500000,1500000,1500000,1500000,1,0,0,0,0,0,0,100,'');
insert into pets values (171,'Prime_Monster_11','Pet/Prime_Monster/Prime_Monster_11.png','LG','Prime_Monster',0,30250001.5,10000000,1500000,1500000,1500000,1500000,1500000,1500000,1500000,1500000,1500000,1500000,1,0,0,0,0,0,0,100,'');
insert into pets values (172,'Prime_Monster_12','Pet/Prime_Monster/Prime_Monster_12.png','LG','Prime_Monster',0,30250001.5,10000000,1500000,1500000,1500000,1500000,1500000,1500000,1500000,1500000,1500000,1500000,1,0,0,0,0,0,0,100,'');
insert into pets values (173,'Prime_Monster_13','Pet/Prime_Monster/Prime_Monster_13.png','LG','Prime_Monster',0,30250001.5,10000000,1500000,1500000,1500000,1500000,1500000,1500000,1500000,1500000,1500000,1500000,1,0,0,0,0,0,0,100,'');
insert into pets values (174,'Prime_Monster_14','Pet/Prime_Monster/Prime_Monster_14.png','LG','Prime_Monster',0,30250001.5,10000000,1500000,1500000,1500000,1500000,1500000,1500000,1500000,1500000,1500000,1500000,1,0,0,0,0,0,0,100,'');
insert into pets values (175,'Prime_Monster_15','Pet/Prime_Monster/Prime_Monster_15.png','LG','Prime_Monster',0,30250001.5,10000000,1500000,1500000,1500000,1500000,1500000,1500000,1500000,1500000,1500000,1500000,1,0,0,0,0,0,0,100,'');
insert into pets values (176,'Prime_Monster_16','Pet/Prime_Monster/Prime_Monster_16.png','LG','Prime_Monster',0,30250001.5,10000000,1500000,1500000,1500000,1500000,1500000,1500000,1500000,1500000,1500000,1500000,1,0,0,0,0,0,0,100,'');
insert into pets values (177,'Prime_Monster_17','Pet/Prime_Monster/Prime_Monster_17.png','LG','Prime_Monster',0,30250001.5,10000000,1500000,1500000,1500000,1500000,1500000,1500000,1500000,1500000,1500000,1500000,1,0,0,0,0,0,0,100,'');
insert into pets values (178,'Prime_Monster_18','Pet/Prime_Monster/Prime_Monster_18.png','LG','Prime_Monster',0,30250001.5,10000000,1500000,1500000,1500000,1500000,1500000,1500000,1500000,1500000,1500000,1500000,1,0,0,0,0,0,0,100,'');
insert into pets values (179,'Prime_Monster_19','Pet/Prime_Monster/Prime_Monster_19.png','LG','Prime_Monster',0,30250001.5,10000000,1500000,1500000,1500000,1500000,1500000,1500000,1500000,1500000,1500000,1500000,1,0,0,0,0,0,0,100,'');
insert into pets values (180,'Prime_Monster_2','Pet/Prime_Monster/Prime_Monster_2.png','LG','Prime_Monster',0,30250001.5,10000000,1500000,1500000,1500000,1500000,1500000,1500000,1500000,1500000,1500000,1500000,1,0,0,0,0,0,0,100,'');
insert into pets values (181,'Prime_Monster_20','Pet/Prime_Monster/Prime_Monster_20.png','LG','Prime_Monster',0,30250001.5,10000000,1500000,1500000,1500000,1500000,1500000,1500000,1500000,1500000,1500000,1500000,1,0,0,0,0,0,0,100,'');
insert into pets values (182,'Prime_Monster_21','Pet/Prime_Monster/Prime_Monster_21.png','LG','Prime_Monster',0,30250001.5,10000000,1500000,1500000,1500000,1500000,1500000,1500000,1500000,1500000,1500000,1500000,1,0,0,0,0,0,0,100,'');
insert into pets values (183,'Prime_Monster_22','Pet/Prime_Monster/Prime_Monster_22.png','LG','Prime_Monster',0,30250001.5,10000000,1500000,1500000,1500000,1500000,1500000,1500000,1500000,1500000,1500000,1500000,1,0,0,0,0,0,0,100,'');
insert into pets values (184,'Prime_Monster_23','Pet/Prime_Monster/Prime_Monster_23.png','LG','Prime_Monster',0,30250001.5,10000000,1500000,1500000,1500000,1500000,1500000,1500000,1500000,1500000,1500000,1500000,1,0,0,0,0,0,0,100,'');
insert into pets values (185,'Prime_Monster_24','Pet/Prime_Monster/Prime_Monster_24.png','LG','Prime_Monster',0,30250001.5,10000000,1500000,1500000,1500000,1500000,1500000,1500000,1500000,1500000,1500000,1500000,1,0,0,0,0,0,0,100,'');
insert into pets values (186,'Prime_Monster_3','Pet/Prime_Monster/Prime_Monster_3.png','LG','Prime_Monster',0,30250001.5,10000000,1500000,1500000,1500000,1500000,1500000,1500000,1500000,1500000,1500000,1500000,1,0,0,0,0,0,0,100,'');
insert into pets values (187,'Prime_Monster_4','Pet/Prime_Monster/Prime_Monster_4.png','LG','Prime_Monster',0,30250001.5,10000000,1500000,1500000,1500000,1500000,1500000,1500000,1500000,1500000,1500000,1500000,1,0,0,0,0,0,0,100,'');
insert into pets values (188,'Prime_Monster_5','Pet/Prime_Monster/Prime_Monster_5.png','LG','Prime_Monster',0,30250001.5,10000000,1500000,1500000,1500000,1500000,1500000,1500000,1500000,1500000,1500000,1500000,1,0,0,0,0,0,0,100,'');
insert into pets values (189,'Prime_Monster_6','Pet/Prime_Monster/Prime_Monster_6.png','LG','Prime_Monster',0,30250001.5,10000000,1500000,1500000,1500000,1500000,1500000,1500000,1500000,1500000,1500000,1500000,1,0,0,0,0,0,0,100,'');
insert into pets values (190,'Prime_Monster_7','Pet/Prime_Monster/Prime_Monster_7.png','LG','Prime_Monster',0,30250001.5,10000000,1500000,1500000,1500000,1500000,1500000,1500000,1500000,1500000,1500000,1500000,1,0,0,0,0,0,0,100,'');
insert into pets values (191,'Prime_Monster_8','Pet/Prime_Monster/Prime_Monster_8.png','LG','Prime_Monster',0,30250001.5,10000000,1500000,1500000,1500000,1500000,1500000,1500000,1500000,1500000,1500000,1500000,1,0,0,0,0,0,0,100,'');
insert into pets values (192,'Prime_Monster_9','Pet/Prime_Monster/Prime_Monster_9.png','LG','Prime_Monster',0,30250001.5,10000000,1500000,1500000,1500000,1500000,1500000,1500000,1500000,1500000,1500000,1500000,1,0,0,0,0,0,0,100,'');
insert into pets values (193,'Ultimate_Monster_1','Pet/Ultimate_Monster/Ultimate_Monster_1.png','LG','Ultimate_Monster',0,30250001.5,10000000,1500000,1500000,1500000,1500000,1500000,1500000,1500000,1500000,1500000,1500000,1,0,0,0,0,0,0,100,'');
insert into pets values (194,'Ultimate_Monster_10','Pet/Ultimate_Monster/Ultimate_Monster_10.png','LG','Ultimate_Monster',0,30250001.5,10000000,1500000,1500000,1500000,1500000,1500000,1500000,1500000,1500000,1500000,1500000,1,0,0,0,0,0,0,100,'');
insert into pets values (195,'Ultimate_Monster_11','Pet/Ultimate_Monster/Ultimate_Monster_11.png','LG','Ultimate_Monster',0,30250001.5,10000000,1500000,1500000,1500000,1500000,1500000,1500000,1500000,1500000,1500000,1500000,1,0,0,0,0,0,0,100,'');
insert into pets values (196,'Ultimate_Monster_12','Pet/Ultimate_Monster/Ultimate_Monster_12.png','LG','Ultimate_Monster',0,30250001.5,10000000,1500000,1500000,1500000,1500000,1500000,1500000,1500000,1500000,1500000,1500000,1,0,0,0,0,0,0,100,'');
insert into pets values (197,'Ultimate_Monster_13','Pet/Ultimate_Monster/Ultimate_Monster_13.png','LG','Ultimate_Monster',0,30250001.5,10000000,1500000,1500000,1500000,1500000,1500000,1500000,1500000,1500000,1500000,1500000,1,0,0,0,0,0,0,100,'');
insert into pets values (198,'Ultimate_Monster_14','Pet/Ultimate_Monster/Ultimate_Monster_14.png','LG','Ultimate_Monster',0,30250001.5,10000000,1500000,1500000,1500000,1500000,1500000,1500000,1500000,1500000,1500000,1500000,1,0,0,0,0,0,0,100,'');
insert into pets values (199,'Ultimate_Monster_15','Pet/Ultimate_Monster/Ultimate_Monster_15.png','LG','Ultimate_Monster',0,30250001.5,10000000,1500000,1500000,1500000,1500000,1500000,1500000,1500000,1500000,1500000,1500000,1,0,0,0,0,0,0,100,'');
insert into pets values (200,'Ultimate_Monster_16','Pet/Ultimate_Monster/Ultimate_Monster_16.png','LG','Ultimate_Monster',0,30250001.5,10000000,1500000,1500000,1500000,1500000,1500000,1500000,1500000,1500000,1500000,1500000,1,0,0,0,0,0,0,100,'');
insert into pets values (201,'Ultimate_Monster_17','Pet/Ultimate_Monster/Ultimate_Monster_17.png','LG','Ultimate_Monster',0,30250001.5,10000000,1500000,1500000,1500000,1500000,1500000,1500000,1500000,1500000,1500000,1500000,1,0,0,0,0,0,0,100,'');
insert into pets values (202,'Ultimate_Monster_18','Pet/Ultimate_Monster/Ultimate_Monster_18.png','LG','Ultimate_Monster',0,30250001.5,10000000,1500000,1500000,1500000,1500000,1500000,1500000,1500000,1500000,1500000,1500000,1,0,0,0,0,0,0,100,'');
insert into pets values (203,'Ultimate_Monster_19','Pet/Ultimate_Monster/Ultimate_Monster_19.png','LG','Ultimate_Monster',0,30250001.5,10000000,1500000,1500000,1500000,1500000,1500000,1500000,1500000,1500000,1500000,1500000,1,0,0,0,0,0,0,100,'');
insert into pets values (204,'Ultimate_Monster_2','Pet/Ultimate_Monster/Ultimate_Monster_2.png','LG','Ultimate_Monster',0,30250001.5,10000000,1500000,1500000,1500000,1500000,1500000,1500000,1500000,1500000,1500000,1500000,1,0,0,0,0,0,0,100,'');
insert into pets values (205,'Ultimate_Monster_20','Pet/Ultimate_Monster/Ultimate_Monster_20.png','LG','Ultimate_Monster',0,30250001.5,10000000,1500000,1500000,1500000,1500000,1500000,1500000,1500000,1500000,1500000,1500000,1,0,0,0,0,0,0,100,'');
insert into pets values (206,'Ultimate_Monster_21','Pet/Ultimate_Monster/Ultimate_Monster_21.png','LG','Ultimate_Monster',0,30250001.5,10000000,1500000,1500000,1500000,1500000,1500000,1500000,1500000,1500000,1500000,1500000,1,0,0,0,0,0,0,100,'');
insert into pets values (207,'Ultimate_Monster_22','Pet/Ultimate_Monster/Ultimate_Monster_22.png','LG','Ultimate_Monster',0,30250001.5,10000000,1500000,1500000,1500000,1500000,1500000,1500000,1500000,1500000,1500000,1500000,1,0,0,0,0,0,0,100,'');
insert into pets values (208,'Ultimate_Monster_3','Pet/Ultimate_Monster/Ultimate_Monster_3.png','LG','Ultimate_Monster',0,30250001.5,10000000,1500000,1500000,1500000,1500000,1500000,1500000,1500000,1500000,1500000,1500000,1,0,0,0,0,0,0,100,'');
insert into pets values (209,'Ultimate_Monster_4','Pet/Ultimate_Monster/Ultimate_Monster_4.png','LG','Ultimate_Monster',0,30250001.5,10000000,1500000,1500000,1500000,1500000,1500000,1500000,1500000,1500000,1500000,1500000,1,0,0,0,0,0,0,100,'');
insert into pets values (210,'Ultimate_Monster_5','Pet/Ultimate_Monster/Ultimate_Monster_5.png','LG','Ultimate_Monster',0,30250001.5,10000000,1500000,1500000,1500000,1500000,1500000,1500000,1500000,1500000,1500000,1500000,1,0,0,0,0,0,0,100,'');
insert into pets values (211,'Ultimate_Monster_6','Pet/Ultimate_Monster/Ultimate_Monster_6.png','LG','Ultimate_Monster',0,30250001.5,10000000,1500000,1500000,1500000,1500000,1500000,1500000,1500000,1500000,1500000,1500000,1,0,0,0,0,0,0,100,'');
insert into pets values (212,'Ultimate_Monster_7','Pet/Ultimate_Monster/Ultimate_Monster_7.png','LG','Ultimate_Monster',0,30250001.5,10000000,1500000,1500000,1500000,1500000,1500000,1500000,1500000,1500000,1500000,1500000,1,0,0,0,0,0,0,100,'');
insert into pets values (213,'Ultimate_Monster_8','Pet/Ultimate_Monster/Ultimate_Monster_8.png','LG','Ultimate_Monster',0,30250001.5,10000000,1500000,1500000,1500000,1500000,1500000,1500000,1500000,1500000,1500000,1500000,1,0,0,0,0,0,0,100,'');
insert into pets values (214,'Ultimate_Monster_9','Pet/Ultimate_Monster/Ultimate_Monster_9.png','LG','Ultimate_Monster',0,30250001.5,10000000,1500000,1500000,1500000,1500000,1500000,1500000,1500000,1500000,1500000,1500000,1,0,0,0,0,0,0,100,'');
insert into pets values (215,'Xeras_Monster_1','Pet/Xeras_Monster/Xeras_Monster_1.png','LG','Xeras_Monster',0,30250001.5,10000000,1500000,1500000,1500000,1500000,1500000,1500000,1500000,1500000,1500000,1500000,1,0,0,0,0,0,0,100,'');
insert into pets values (216,'Xeras_Monster_10','Pet/Xeras_Monster/Xeras_Monster_10.png','LG','Xeras_Monster',0,30250001.5,10000000,1500000,1500000,1500000,1500000,1500000,1500000,1500000,1500000,1500000,1500000,1,0,0,0,0,0,0,100,'');
insert into pets values (217,'Xeras_Monster_11','Pet/Xeras_Monster/Xeras_Monster_11.png','LG','Xeras_Monster',0,30250001.5,10000000,1500000,1500000,1500000,1500000,1500000,1500000,1500000,1500000,1500000,1500000,1,0,0,0,0,0,0,100,'');
insert into pets values (218,'Xeras_Monster_12','Pet/Xeras_Monster/Xeras_Monster_12.png','LG','Xeras_Monster',0,30250001.5,10000000,1500000,1500000,1500000,1500000,1500000,1500000,1500000,1500000,1500000,1500000,1,0,0,0,0,0,0,100,'');
insert into pets values (219,'Xeras_Monster_13','Pet/Xeras_Monster/Xeras_Monster_13.png','LG','Xeras_Monster',0,30250001.5,10000000,1500000,1500000,1500000,1500000,1500000,1500000,1500000,1500000,1500000,1500000,1,0,0,0,0,0,0,100,'');
insert into pets values (220,'Xeras_Monster_14','Pet/Xeras_Monster/Xeras_Monster_14.png','LG','Xeras_Monster',0,30250001.5,10000000,1500000,1500000,1500000,1500000,1500000,1500000,1500000,1500000,1500000,1500000,1,0,0,0,0,0,0,100,'');
insert into pets values (221,'Xeras_Monster_15','Pet/Xeras_Monster/Xeras_Monster_15.png','LG','Xeras_Monster',0,30250001.5,10000000,1500000,1500000,1500000,1500000,1500000,1500000,1500000,1500000,1500000,1500000,1,0,0,0,0,0,0,100,'');
insert into pets values (222,'Xeras_Monster_16','Pet/Xeras_Monster/Xeras_Monster_16.png','LG','Xeras_Monster',0,30250001.5,10000000,1500000,1500000,1500000,1500000,1500000,1500000,1500000,1500000,1500000,1500000,1,0,0,0,0,0,0,100,'');
insert into pets values (223,'Xeras_Monster_17','Pet/Xeras_Monster/Xeras_Monster_17.png','LG','Xeras_Monster',0,30250001.5,10000000,1500000,1500000,1500000,1500000,1500000,1500000,1500000,1500000,1500000,1500000,1,0,0,0,0,0,0,100,'');
insert into pets values (224,'Xeras_Monster_18','Pet/Xeras_Monster/Xeras_Monster_18.png','LG','Xeras_Monster',0,30250001.5,10000000,1500000,1500000,1500000,1500000,1500000,1500000,1500000,1500000,1500000,1500000,1,0,0,0,0,0,0,100,'');
insert into pets values (225,'Xeras_Monster_19','Pet/Xeras_Monster/Xeras_Monster_19.png','LG','Xeras_Monster',0,30250001.5,10000000,1500000,1500000,1500000,1500000,1500000,1500000,1500000,1500000,1500000,1500000,1,0,0,0,0,0,0,100,'');
insert into pets values (226,'Xeras_Monster_2','Pet/Xeras_Monster/Xeras_Monster_2.png','LG','Xeras_Monster',0,30250001.5,10000000,1500000,1500000,1500000,1500000,1500000,1500000,1500000,1500000,1500000,1500000,1,0,0,0,0,0,0,100,'');
insert into pets values (227,'Xeras_Monster_20','Pet/Xeras_Monster/Xeras_Monster_20.png','LG','Xeras_Monster',0,30250001.5,10000000,1500000,1500000,1500000,1500000,1500000,1500000,1500000,1500000,1500000,1500000,1,0,0,0,0,0,0,100,'');
insert into pets values (228,'Xeras_Monster_3','Pet/Xeras_Monster/Xeras_Monster_3.png','LG','Xeras_Monster',0,30250001.5,10000000,1500000,1500000,1500000,1500000,1500000,1500000,1500000,1500000,1500000,1500000,1,0,0,0,0,0,0,100,'');
insert into pets values (229,'Xeras_Monster_4','Pet/Xeras_Monster/Xeras_Monster_4.png','LG','Xeras_Monster',0,30250001.5,10000000,1500000,1500000,1500000,1500000,1500000,1500000,1500000,1500000,1500000,1500000,1,0,0,0,0,0,0,100,'');
insert into pets values (230,'Xeras_Monster_5','Pet/Xeras_Monster/Xeras_Monster_5.png','LG','Xeras_Monster',0,30250001.5,10000000,1500000,1500000,1500000,1500000,1500000,1500000,1500000,1500000,1500000,1500000,1,0,0,0,0,0,0,100,'');
insert into pets values (231,'Xeras_Monster_6','Pet/Xeras_Monster/Xeras_Monster_6.png','LG','Xeras_Monster',0,30250001.5,10000000,1500000,1500000,1500000,1500000,1500000,1500000,1500000,1500000,1500000,1500000,1,0,0,0,0,0,0,100,'');
insert into pets values (232,'Xeras_Monster_7','Pet/Xeras_Monster/Xeras_Monster_7.png','LG','Xeras_Monster',0,30250001.5,10000000,1500000,1500000,1500000,1500000,1500000,1500000,1500000,1500000,1500000,1500000,1,0,0,0,0,0,0,100,'');
insert into pets values (233,'Xeras_Monster_8','Pet/Xeras_Monster/Xeras_Monster_8.png','LG','Xeras_Monster',0,30250001.5,10000000,1500000,1500000,1500000,1500000,1500000,1500000,1500000,1500000,1500000,1500000,1,0,0,0,0,0,0,100,'');
insert into pets values (234,'Xeras_Monster_9','Pet/Xeras_Monster/Xeras_Monster_9.png','LG','Xeras_Monster',0,30250001.5,10000000,1500000,1500000,1500000,1500000,1500000,1500000,1500000,1500000,1500000,1500000,1,0,0,0,0,0,0,100,'');